4.96363;
76.5693;
66.7734;
56.6934;
47.3272;
37.2466;
27.1619;
17.0762;
7.00351;
1.8198;
1.64219;
38.0389;
31.2814;
21.2719;
11.5381;
2.00857;
2.04591;
28.5761;
20.0208;
7.46453;
44.8699;
37.0249;
24.4761;
14.4465;
4.3649;
40.5353;
30.9029;
21.3187;
11.4998;
4.90811;
48.941;
39.6717;
29.9749;
20.0649;
10.1438;
1.88392;
37.3375;
33.256;
23.3961;
13.4391;
4.26419;
45.2157;
36.2568;
26.424;
16.8972;
6.92256;
2.04393;
4.99724;
2.41195;
80.4487;
71.3363;
61.5192;
51.7527;
42.1363;
33.5795;
23.9524;
14.3229;
4.45443;
2.41241;
87.8986;
78.7391;
69.1169;
60.0257;
50.2907;
40.5849;
30.6949;
20.8773;
10.9395;
4.88928;
2.80845;
2.44488;
1.92243;
35.578;
29.7272;
19.8418;
11.2512;
3.78353;
2.03173;
41.7939;
75.5659;
65.5519;
55.6607;
45.6569;
76.7771;
67.022;
57.2503;
47.5151;
37.5576;
29.2122;
19.6258;
10.0038;
3.87775;
2.36106;
34.1494;
25.662;
16.8074;
4.14855;
2.0042;
59.2594;
49.7092;
36.4261;
26.6079;
16.6714;
4.48825;
1.83569;
1.93657;
2.15126;
38.1096;
31.9865;
22.3544;
12.3552;
2.81782;
35.0964;
27.9624;
19.0336;
9.4975;
46.7345;
33.4077;
23.7146;
13.8889;
3.23809;
1.76046;
37.064;
27.5718;
18.1755;
8.28752;
1.67087;
2.16936;
2.0376;
39.1526;
32.8516;
19.2272;
9.26736;
2.05545;
32.0096;
24.1897;
14.6179;
4.66831;
1.54044;
36.1457;
25.4046;
16.481;
6.58969;
1.63269;
2.18441;
80.5617;
71.363;
62.5332;
52.7311;
43.0065;
33.1517;
23.1603;
13.1907;
4.77751;
1.73743;
44.4112;
34.5641;
24.5866;
14.6008;
2.30245;
37.9525;
32.541;
22.651;
12.7982;
3.9983;
41.2688;
35.1763;
25.2414;
15.5575;
5.60361;
39.6095;
30.9923;
21.811;
11.8504;
2.34682;
40.6662;
32.1671;
22.8711;
13.2265;
3.32505;
38.1837;
30.6088;
21.5559;
11.6775;
2.09601;
30.8714;
22.6556;
13.0599;
3.11567;
1.81763;
39.6266;
29.0411;
19.2785;
9.4029;
1.56976;
1.89207;
1.52133;
36.387;
27.5523;
18.4918;
9.20673;
1.64305;
1.52868;
38.7028;
32.4954;
23.7018;
13.841;
5.24029;
1.5548;
36.7741;
28.2286;
18.4648;
8.74258;
42.4718;
34.3847;
25.5019;
15.6159;
5.69036;
1.6532;
1.44146;
35.2726;
28.7382;
18.9401;
9.21909;
36.7714;
27.9418;
64.3081;
54.8316;
44.9014;
36.8246;
27.0029;
17.1001;
7.12909;
2.03675;
2.45314;
2.00991;
34.9671;
28.581;
19.185;
9.50669;
1.63466;
40.3392;
33.0597;
23.1905;
13.6092;
4.16625;
39.3342;
31.8859;
22.4516;
12.5389;
4.14556;
2.48219;
56.795;
46.922;
37.5174;
27.627;
17.8648;
7.94627;
2.17845;
1.8915;
75.4692;
69.0578;
59.8423;
50.4604;
40.7152;
30.9206;
21.4676;
11.5375;
42.3934;
32.8217;
23.0219;
13.065;
3.31501;
2.33254;
41.5495;
35.0896;
25.5322;
15.7426;
5.86778;
1.42727;
43.8572;
34.6685;
26.0485;
16.2233;
6.31129;
40.7934;
27.3969;
17.4668;
8.37415;
1.96865;
1.49543;
38.6878;
32.1269;
22.314;
12.3189;
3.31039;
2.11248;
43.5725;
35.2534;
26.1242;
13.9432;
4.03927;
2.00294;
38.7425;
29.7765;
20.7412;
11.0282;
3.6757;
1.88016;
37.3925;
28.4736;
19.8028;
9.79868;
1.46809;
2.4514;
34.1166;
28.0406;
18.6112;
8.6237;
2.26705;
1.83592;
40.2915;
33.9004;
24.228;
14.2248;
4.84716;
40.3817;
34.0736;
24.1058;
14.1437;
5.87288;
44.9308;
35.22;
25.4567;
15.6143;
5.72;
47.32;
38.2425;
28.3723;
19.7464;
10.0446;
2.61191;
38.4085;
29.9286;
20.038;
9.99199;
1.99625;
39.6559;
32.4319;
22.976;
12.9786;
4.90091;
2.03623;
83.7498;
75.3474;
66.6034;
56.9546;
47.1574;
37.4466;
27.4812;
17.4689;
7.43306;
2.29888;
2.18004;
2.07684;
39.0722;
31.1851;
22.6383;
12.6905;
4.05782;
2.37557;
2.23875;
45.7078;
32.756;
23.0794;
13.3434;
3.44109;
1.86712;
36.5279;
26.8437;
16.8717;
6.90451;
39.6713;
33.1912;
23.1918;
13.2318;
4.32972;
2.71334;
36.9991;
29.7655;
20.3307;
10.3436;
43.7999;
36.7646;
27.2309;
17.4145;
7.44229;
1.57257;
2.20886;
42.1253;
77.1213;
67.4889;
57.6385;
47.6653;
39.2503;
29.929;
21.498;
11.6678;
2.34802;
2.73565;
34.3313;
25.3086;
16.0692;
6.40609;
3.48916;
38.2702;
31.371;
22.2181;
12.2751;
3.13675;
1.50497;
35.986;
29.0364;
19.4729;
9.7039;
1.72042;
36.0713;
27.9097;
19.6293;
9.68105;
1.40996;
1.97931;
37.0058;
30.1021;
20.2688;
10.516;
2.32802;
1.54211;
38.5402;
30.229;
21.0362;
11.6336;
2.19545;
1.45701;
35.4488;
28.7588;
18.9604;
9.29687;
1.81091;
1.6321;
37.2645;
30.1285;
20.2218;
10.3063;
1.85061;
1.99815;
34.3493;
27.1006;
17.1542;
7.44979;
49.3972;
37.2522;
27.6513;
17.6277;
7.53965;
83.4701;
73.8953;
64.4251;
54.8094;
45.2745;
35.5508;
25.6159;
15.5299;
5.44861;
1.6838;
1.56899;
1.89367;
33.0328;
26.6047;
17.1939;
7.22526;
1.55424;
1.76905;
38.9341;
34.4916;
24.6725;
14.6574;
2.5057;
42.2733;
32.4404;
22.5853;
13.052;
3.17908;
2.49364;
2.21565;
2.23443;
36.7146;
28.9995;
19.2207;
9.25233;
1.899;
36.3241;
27.9728;
18.3242;
8.47268;
1.68994;
2.02811;
45.8627;
37.8138;
28.2824;
18.3509;
8.18361;
2.0193;
1.86947;
1.91476;
33.3091;
28.3523;
18.4155;
8.45684;
2.82588;
1.97898;
38.83;
30.768;
21.2631;
11.4607;
2.81086;
4.5704;
41.4091;
32.5532;
23.2839;
13.7859;
3.80561;
34.4959;
29.0777;
19.2352;
9.21734;
1.39376;
36.5269;
29.79;
20.8576;
10.8938;
2.26007;
2.36909;
1.47676;
37.5185;
31.7651;
21.9235;
11.9607;
2.87106;
45.1822;
38.2206;
28.3817;
14.8874;
4.93063;
2.08646;
2.07345;
36.4867;
34.5163;
25.0518;
15.0778;
7.07224;
2.31142;
86.2388;
77.3124;
67.8399;
58.1268;
48.2546;
38.424;
28.4579;
18.5054;
8.48673;
3.20107;
2.58654;
31.737;
22.0436;
12.4198;
2.56636;
1.4686;
49.7574;
39.8898;
29.8845;
19.8532;
9.79078;
2.6768;
2.4808;
2.03109;
34.4288;
27.7052;
18.0418;
8.11986;
1.66598;
1.77942;
39.9799;
32.9803;
23.067;
13.062;
3.64333;
2.26815;
2.15419;
35.3401;
29.6396;
20.0011;
10.0366;
1.73552;
1.97323;
36.3418;
29.7307;
19.9297;
10.0612;
1.89126;
1.9673;
36.3357;
28.6561;
18.7286;
9.50599;
1.78735;
2.32578;
41.6041;
33.1855;
23.3892;
14.7281;
2.27375;
1.89787;
36.8316;
30.3822;
20.6479;
10.791;
1.96703;
1.7325;
38.4939;
31.046;
21.3129;
11.3434;
1.90921;
1.61524;
34.3769;
27.4572;
17.9435;
8.24535;
2.54976;
40.6148;
31.6256;
22.7676;
12.8835;
3.35128;
41.3197;
34.903;
25.2778;
15.3438;
5.34592;
1.68578;
79.3098;
71.7201;
62.2647;
53.008;
43.1698;
33.3835;
23.3838;
13.3598;
3.37576;
1.91032;
36.8331;
27.2621;
17.2716;
7.27278;
42.8903;
33.1517;
24.1795;
14.2651;
4.49839;
1.87075;
33.631;
23.95;
13.9558;
3.98688;
1.62177;
33.3606;
25.4217;
15.8385;
6.70739;
2.40908;
37.4128;
30.938;
21.0442;
11.0628;
1.82385;
36.6852;
28.3973;
19.9664;
10.0081;
2.04111;
38.5358;
30.4474;
20.5162;
11.0072;
2.39514;
2.05365;
36.3104;
27.276;
18.2246;
8.28255;
2.38291;
2.07171;
36.6234;
30.9942;
21.6145;
11.5928;
3.60954;
38.3299;
32.9063;
23.4319;
13.5054;
4.46939;
2.2354;
49.0429;
39.905;
30.0456;
19.6472;
9.62645;
1.78104;
33.3685;
23.7238;
13.8126;
3.81702;
45.2344;
35.5817;
25.8741;
15.9081;
5.95371;
1.90071;
2.21219;
27.2687;
18.2127;
50.387;
42.4079;
32.962;
23.0786;
13.106;
4.87322;
38.6812;
30.4788;
20.7236;
11.24;
3.39167;
2.05069;
2.13639;
36.0954;
30.0854;
19.5864;
9.59323;
40.7659;
33.9206;
24.0052;
15.5488;
5.84124;
1.6414;
1.32725;
38.3753;
29.532;
20.4682;
10.6323;
1.47469;
2.22182;
1.93474;
37.0832;
32.1315;
22.2476;
12.2778;
6.53693;
2.29205;
80.6376;
71.1556;
61.4923;
51.517;
41.5441;
31.5608;
21.577;
11.5699;
44.2027;
34.3408;
24.5738;
11.521;
2.8489;
2.08432;
38.2171;
31.993;
22.1486;
12.2287;
44.5245;
35.7361;
25.9565;
16.1376;
4.23636;
2.20687;
42.1529;
32.4205;
22.514;
12.5285;
2.52988;
2.49384;
2.105;
38.6544;
72.678;
62.919;
52.9816;
43.068;
34.0622;
25.0058;
15.5778;
6.63637;
1.67777;
1.58096;
38.5785;
73.9495;
64.2163;
54.3203;
46.0862;
36.5451;
26.7085;
16.8226;
6.83934;
1.68057;
2.58409;
2.05932;
33.7714;
26.9887;
17.2542;
7.38223;
1.73454;
41.4832;
33.7176;
24.8401;
14.8487;
4.83567;
2.21068;
38.6482;
32.8463;
23.2101;
13.2441;
1.49862;
2.19444;
1.69158;
36.225;
29.4416;
20.0069;
10.0182;
1.88732;
2.28034;
40.7368;
32.0583;
22.7581;
12.7896;
3.88802;
2.0009;
2.35301;
30.1626;
21.1814;
53.2324;
43.3539;
33.8772;
24.2228;
14.3604;
4.60413;
1.87773;
2.04919;
37.3754;
29.0546;
19.2224;
9.29588;
38.3332;
33.7586;
23.8102;
13.8318;
4.67247;
3.9841;
37.5529;
30.7527;
20.9422;
7.14591;
39.8886;
32.0119;
22.9397;
13.0547;
3.81111;
1.645;
2.00917;
37.6683;
30.7166;
21.1885;
7.39156;
2.28728;
31.4923;
23.5095;
14.3243;
4.3448;
39.12;
31.9043;
22.3676;
12.537;
3.01341;
41.3025;
29.1618;
20.0138;
10.0856;
2.87618;
2.24765;
2.1722;
2.03387;
35.8411;
29.3229;
20.0768;
10.5919;
2.13923;
2.37391;
37.691;
24.8331;
15.3643;
5.5614;
38.1729;
29.4073;
22.2276;
12.4162;
2.43886;
1.8264;
2.04616;
1.94595;
34.9598;
30.5476;
21.1096;
11.1026;
1.83147;
33.5772;
70.7468;
60.9895;
53.676;
44.0065;
34.2245;
24.2127;
14.2658;
4.11212;
2.20478;
38.3431;
29.0592;
19.3059;
9.35306;
1.40252;
35.8843;
27.2092;
17.2716;
7.31781;
2.18196;
2.24732;
39.1083;
32.3752;
22.4469;
12.4312;
3.44262;
33.0739;
26.3784;
16.6952;
6.84765;
1.56015;
36.485;
27.4316;
18.5499;
8.56053;
1.60112;
34.8653;
26.3758;
17.5263;
7.76576;
1.93344;
77.92;
68.3787;
58.5345;
48.5756;
39.0051;
29.0169;
19.1054;
9.13301;
1.65674;
2.48892;
37.9525;
28.8888;
19.211;
9.30927;
1.6593;
2.34329;
2.45536;
2.04842;
85.1936;
75.8144;
66.1335;
56.5575;
47.028;
37.2034;
27.3717;
17.412;
4.96914;
3.67486;
4.32731;
2.02546;
34.9022;
26.4569;
16.9051;
7.74289;
2.19064;
2.35013;
2.26855;
36.6867;
28.179;
18.4725;
8.54156;
2.23464;
35.6198;
27.5535;
18.0786;
8.0833;
2.10672;
37.3664;
29.1149;
20.3302;
9.58832;
1.66352;
2.09297;
2.18542;
34.0313;
27.3633;
17.5983;
7.64038;
2.32918;
29.2511;
21.9515;
11.9919;
2.70045;
39.4384;
32.4981;
23.249;
13.4391;
4.0213;
36.2684;
27.2676;
18.1232;
8.41486;
4.06395;
2.18169;
33.6809;
26.7363;
17.5148;
7.57099;
41.1294;
32.2485;
22.9349;
13.7911;
3.53667;
2.25102;
40.5685;
27.4093;
17.9315;
8.07511;
3.39685;
44.8891;
35.187;
25.3045;
15.368;
5.39833;
1.67361;
2.13539;
36.1598;
27.7363;
18.0584;
8.31943;
1.60509;
1.69698;
2.01526;
41.3556;
35.1624;
25.4473;
16.214;
6.32875;
1.5656;
2.48484;
70.5943;
63.3359;
53.5154;
43.5574;
33.6109;
23.6729;
13.7473;
3.68704;
3.71637;
2.02847;
1.75532;
36.5012;
30.169;
20.5018;
10.7524;
44.7797;
35.2428;
26.4263;
16.5915;
6.84754;
3.47086;
2.21827;
42.8209;
33.2378;
23.6382;
14.0441;
4.17012;
1.77808;
34.0435;
24.231;
14.4215;
4.49202;
44.8773;
35.1265;
21.479;
11.6565;
2.50609;
37.4773;
27.8088;
17.9057;
7.93849;
3.98411;
4.463;
2.10653;
42.1372;
74.9865;
65.3797;
56.3048;
46.9043;
37.6678;
28.4184;
18.8455;
8.97608;
1.84884;
2.46821;
36.0644;
26.2305;
16.2111;
6.14272;
38.6602;
30.2709;
20.566;
11.4268;
2.87176;
3.64608;
48.4488;
38.9066;
26.2517;
16.303;
6.33017;
50.1236;
40.8679;
31.1322;
21.4541;
11.5259;
2.68157;
1.5023;
49.6705;
39.9212;
29.9675;
20.0222;
10.0988;
2.13538;
1.63956;
34.2756;
25.3371;
60.5388;
50.9116;
41.0018;
31.0101;
21.1513;
11.1765;
2.66289;
2.04817;
41.7435;
35.3408;
25.6867;
15.7092;
5.74773;
1.55247;
2.06788;
1.9426;
45.7649;
34.2645;
25.1343;
15.2491;
5.34167;
1.63209;
2.04142;
71.4133;
64.4937;
54.8369;
45.0217;
35.103;
25.1353;
15.1779;
5.30501;
1.75445;
2.06697;
1.63763;
32.4769;
25.8745;
16.0113;
6.01502;
38.8568;
33.461;
23.3908;
13.4478;
4.82934;
69.7014;
59.9707;
50.302;
40.5713;
30.9049;
21.0913;
8.18244;
1.898;
32.8829;
23.098;
13.8537;
4.088;
2.13207;
37.7256;
29.4262;
20.6057;
10.7083;
1.57473;
1.86848;
42.3546;
74.7837;
65.1107;
55.2795;
45.3812;
37.7652;
27.8552;
17.9355;
7.99512;
1.61284;
35.4705;
26.7026;
18.073;
8.07065;
2.21015;
1.74628;
35.6162;
25.2708;
15.748;
5.8897;
3.83008;
38.5522;
31.9909;
22.1192;
12.1475;
2.90019;
2.1625;
28.0617;
63.9189;
51.3626;
45.0056;
35.5254;
25.6851;
15.6099;
5.45124;
3.96497;
43.647;
35.5102;
25.588;
15.5239;
5.47743;
2.20476;
2.01143;
1.6132;
34.7837;
29.1114;
19.3567;
9.46352;
2.97801;
44.2074;
36.5469;
26.8484;
16.9391;
6.94804;
2.44575;
1.83976;
36.5678;
30.4914;
20.8364;
11.0435;
3.02021;
43.9075;
35.9407;
26.8851;
17.3886;
7.57236;
1.66792;
40.7642;
31.8788;
22.6517;
13.1859;
3.54784;
2.3978;
1.83982;
34.7698;
28.3677;
18.7514;
9.2875;
4.21751;
43.9719;
37.7821;
27.5502;
18.0108;
8.24986;
1.49266;
40.6157;
34.0679;
24.2847;
12.8093;
4.7464;
40.5762;
33.2527;
25.0647;
15.1744;
5.86407;
1.59252;
40.0686;
33.514;
23.6223;
14.0124;
4.73081;
36.6441;
28.6963;
20.6144;
10.6724;
3.84165;
47.3749;
39.3005;
29.4047;
19.3954;
9.45679;
42.3592;
32.4495;
22.554;
12.6094;
2.73591;
2.20192;
2.02599;
33.1409;
26.8419;
17.4792;
7.66784;
1.91581;
3.96821;
36.9496;
30.4296;
20.7926;
10.8451;
2.81674;
1.74997;
2.15481;
34.6961;
28.9965;
19.7122;
9.74271;
3.21828;
37.8058;
30.2171;
21.1257;
11.8929;
2.94164;
45.5152;
38.4248;
28.5346;
18.5209;
8.57767;
1.74614;
2.07807;
1.86322;
36.6959;
29.9276;
20.631;
10.7781;
6.03924;
81.4639;
74.458;
64.8786;
55.1612;
45.3627;
32.0225;
22.0174;
12.0003;
3.05019;
1.65184;
1.76031;
46.5158;
37.015;
27.0939;
17.1159;
7.12381;
1.621;
1.63739;
43.5116;
36.7931;
26.9974;
17.1042;
7.18155;
2.13542;
1.90109;
1.7069;
34.2065;
30.1545;
21.1712;
11.6256;
2.68496;
1.58353;
35.1206;
68.3512;
58.6338;
48.6771;
38.7748;
28.8428;
18.9158;
8.95869;
2.68084;
1.59092;
35.6936;
27.1817;
18.0301;
8.35009;
44.5412;
37.4996;
28.096;
15.9018;
6.1022;
2.04212;
1.73338;
34.3758;
27.5816;
17.6278;
7.91775;
2.07572;
35.747;
27.2437;
18.0682;
8.12138;
1.69223;
38.9683;
71.4156;
61.8154;
51.9222;
46.0589;
36.8922;
26.8775;
17.55;
7.74798;
1.36948;
38.0896;
28.7378;
18.7921;
8.71029;
1.58436;
34.6268;
23.6986;
12.9479;
4.2768;
3.57427;
3.38613;
37.5806;
28.2527;
19.0228;
9.21813;
1.58883;
1.88921;
33.7985;
27.1007;
17.4526;
7.65126;
2.90296;
3.13846;
41.2417;
35.4021;
25.4768;
15.5243;
5.56257;
2.44543;
2.20227;
1.45505;
73.1893;
63.7139;
54.0635;
44.3003;
34.8421;
24.8758;
14.9388;
4.97615;
2.64909;
1.64526;
38.7716;
71.2475;
61.8531;
54.7684;
46.8406;
37.172;
27.2281;
17.5408;
7.52464;
1.59878;
41.9333;
35.1813;
25.2908;
15.2861;
5.27067;
41.76;
29.3762;
19.3485;
9.31075;
4.93709;
1.83908;
38.8;
25.9775;
16.3044;
6.59987;
40.8177;
35.5016;
25.7543;
15.8337;
5.88438;
1.70431;
30.797;
24.1923;
14.2377;
47.5722;
40.1124;
30.5762;
21.6443;
11.6465;
2.158;
2.27295;
31.8155;
63.6108;
54.2294;
44.3297;
35.0692;
25.3542;
15.5145;
4.30014;
2.19726;
36.6006;
29.0696;
19.1325;
9.1716;
40.0119;
32.2038;
22.2682;
9.83004;
1.83105;
2.16591;
43.8833;
35.7706;
25.7644;
12.9667;
4.94631;
1.50347;
37.3267;
28.7316;
18.8855;
8.93141;
1.84055;
30.8512;
24.2382;
14.2819;
5.64234;
1.89422;
36.2835;
28.2184;
18.2693;
8.27926;
1.80701;
33.7594;
27.8269;
17.8528;
7.81499;
1.86563;
2.07125;
38.515;
29.804;
20.0477;
10.076;
42.2577;
36.7012;
26.7015;
16.7365;
6.73258;
3.23959;
48.2351;
38.7902;
29.0703;
19.1608;
9.18512;
1.76626;
34.3835;
24.5882;
14.8804;
4.97896;
2.22457;
2.88065;
45.8042;
36.0814;
26.2889;
16.4927;
3.46949;
39.9289;
30.2901;
20.9785;
10.9929;
2.87091;
1.86786;
37.3536;
30.7583;
20.8785;
10.9936;
41.8798;
33.4652;
23.5375;
14.5908;
4.73757;
1.90984;
1.96666;
44.6309;
36.8791;
27.0303;
17.1183;
4.90644;
2.14638;
2.33566;
62.9192;
56.3123;
46.6877;
37.4451;
27.704;
17.7522;
7.68885;
1.76969;
1.76589;
95.4776;
87.0407;
77.1337;
67.4657;
57.5728;
47.6092;
37.5993;
27.545;
17.5001;
7.53125;
1.68714;
2.07;
36.6688;
73.587;
63.9069;
54.1937;
44.2777;
36.5867;
27.5164;
17.6102;
7.5706;
1.53724;
40.3217;
33.3291;
24.1635;
14.457;
4.51333;
2.0867;
2.43328;
53.5238;
44.31;
34.601;
24.8502;
15.02;
5.02293;
1.64776;
38.6208;
32.1396;
22.2225;
12.483;
2.54382;
1.78198;
31.1663;
59.831;
50.0647;
43.8338;
34.3862;
24.4162;
14.3331;
4.35185;
2.49116;
36.6179;
26.6209;
16.636;
6.58987;
2.36799;
1.85199;
1.66926;
39.0336;
32.2374;
22.3523;
12.3118;
3.42085;
3.23946;
3.20561;
38.8591;
26.4188;
17.3295;
7.34268;
1.79876;
1.88069;
36.1806;
31.6614;
21.733;
11.6923;
4.20943;
2.0582;
39.0232;
30.4247;
20.555;
10.6915;
1.66963;
32.0892;
23.8784;
14.1372;
4.35272;
2.00287;
40.292;
32.2391;
23.5194;
13.8221;
3.85974;
36.1395;
29.7088;
19.9912;
10.2809;
2.5704;
1.86162;
50.9193;
41.5692;
31.9701;
22.3483;
12.6967;
3.02483;
2.20929;
1.88413;
43.9447;
35.1746;
22.0289;
12.1404;
2.49541;
3.80868;
43.5379;
33.8367;
23.9294;
14.0165;
3.97819;
39.192;
30.4981;
20.1024;
10.0682;
2.14154;
34.5447;
28.9507;
19.098;
9.08729;
1.74108;
36.3649;
29.338;
19.4999;
9.70438;
44.67;
35.0799;
25.4014;
15.5922;
5.74686;
2.03635;
36.7506;
26.8788;
14.0415;
4.03001;
1.89056;
2.2891;
2.02371;
37.13;
30.7843;
21.3788;
11.2462;
2.70263;
2.05294;
38.0674;
70.0472;
60.3527;
51.9241;
42.3902;
33.3528;
23.7959;
14.0923;
4.27421;
1.9476;
42.7057;
33.0642;
23.5841;
13.8563;
3.90223;
37.407;
28.8424;
19.8017;
7.04802;
3.22076;
36.6921;
27.4583;
17.5424;
8.14365;
2.22131;
44.8586;
36.8084;
26.8447;
16.7525;
6.85011;
42.4146;
33.1192;
23.2354;
13.4114;
3.47767;
2.11128;
41.021;
34.6169;
25.6095;
16.3058;
6.35504;
2.23908;
40.3087;
34.0609;
24.1324;
14.1068;
4.86039;
3.49144;
40.0251;
31.5149;
22.7791;
13.0033;
3.55116;
2.07785;
38.8044;
29.6826;
20.1253;
10.437;
2.6017;
2.51228;
41.5873;
32.9077;
23.7966;
13.951;
3.96438;
37.4422;
29.2672;
21.0286;
11.2896;
2.71815;
39.5527;
31.3145;
22.9301;
13.4824;
3.84047;
1.97201;
76.3459;
64.1497;
55.6772;
46.2736;
36.5776;
26.685;
16.7348;
6.78446;
2.92134;
2.87926;
61.888;
52.4391;
42.8356;
32.9413;
22.9487;
13.2737;
3.28086;
2.4303;
2.15126;
2.21891;
36.9148;
26.9748;
17.0586;
7.09262;
49.9021;
40.5853;
30.6795;
21.1259;
11.2433;
3.44755;
2.27594;
36.3101;
26.9625;
17.2068;
7.20328;
1.57923;
1.75296;
2.38782;
36.3148;
30.6491;
20.8774;
7.14258;
3.00182;
36.9385;
26.7613;
17.2257;
7.88325;
1.71264;
35.5345;
26.5475;
17.5153;
7.52497;
2.00088;
1.73954;
37.1081;
30.8081;
21.1892;
11.3461;
2.53415;
2.0513;
2.19471;
36.3234;
27.8622;
19.3475;
9.533;
1.47338;
44.1134;
35.3132;
26.0216;
16.2953;
6.42619;
1.55943;
2.07863;
40.2515;
33.4643;
21.7743;
11.9451;
3.65256;
2.01388;
1.95799;
2.10305;
33.8159;
27.8847;
18.4419;
8.48746;
2.34964;
2.21728;
38.23;
34.8781;
25.2735;
15.8648;
5.96758;
76.8689;
66.8417;
56.8999;
48.1721;
1.90957;
39.2476;
30.0047;
20.049;
10.1212;
1.79768;
41.9995;
32.5772;
23.2101;
13.2956;
3.76497;
2.18333;
2.14688;
37.5367;
30.9214;
21.4911;
11.5676;
4.8897;
1.61215;
34.6436;
70.4415;
60.5898;
50.854;
41.0155;
27.499;
17.6598;
7.77869;
1.88028;
2.25;
40.3112;
30.7679;
21.2613;
11.3127;
2.89703;
2.07109;
36.5889;
29.9269;
20.1343;
10.1296;
2.5115;
1.79814;
1.94733;
37.5561;
31.6863;
22.6041;
12.5721;
5.04141;
2.44607;
36.8277;
30.1681;
20.566;
10.7058;
41.7565;
33.5536;
24.4087;
14.7488;
4.92525;
1.87271;
37.9106;
30.9457;
21.1293;
11.1824;
1.82381;
1.83679;
2.10793;
38.1694;
76.3853;
66.6569;
56.7888;
17.3948;
7.49873;
48.2162;
38.3839;
28.4436;
2.38489;
47.6017;
37.8528;
28.1402;
18.3581;
8.37939;
3.64954;
1.78402;
78.4463;
28.895;
19.3491;
9.48775;
70.87;
62.0904;
2.343;
53.0116;
43.2838;
1.94984;
2.36624;
11.1965;
1.83789;
53.9766;
46.6235;
36.7452;
26.6718;
1.48524;
38.4058;
29.2172;
19.2823;
9.25886;
14.9722;
5.15964;
49.2655;
39.5858;
29.7771;
1.961;
42.5548;
35.3005;
25.3418;
15.3017;
5.33881;
2.17646;
36.2783;
28.9979;
19.4323;
9.68093;
1.70353;
2.04566;
40.1919;
33.9719;
24.6855;
15.3645;
5.89907;
1.4953;
36.4005;
11.5233;
31.8385;
22.0856;
2.92126;
2.17826;
39.5363;
32.8747;
23.9483;
14.5009;
5.06393;
1.96598;
38.4428;
29.2855;
19.5286;
9.68118;
1.76341;
35.1261;
27.1636;
17.5507;
7.62826;
2.14699;
2.91306;
1.68384;
56.7149;
37.6251;
27.725;
17.8242;
7.83559;
49.936;
3.41181;
3.8296;
3.25184;
83.394;
73.8554;
64.0512;
54.9052;
45.4168;
35.4819;
25.4576;
15.5172;
5.59016;
2.11501;
2.59613;
30.9354;
25.736;
15.8045;
5.76497;
53.0135;
23.0051;
13.1801;
3.21705;
86.6988;
36.5555;
27.1023;
17.1166;
7.15937;
78.7241;
2.27159;
3.08208;
47.5747;
27.9797;
17.9954;
7.94494;
39.9347;
2.30474;
2.76641;
3.76302;
36.9443;
29.6602;
19.9011;
10.0603;
2.46548;
39.3436;
77.0553;
15.0049;
5.13438;
69.4521;
61.557;
52.6434;
43.0566;
32.3478;
3.88414;
1.73465;
38.2896;
28.6469;
18.6799;
8.38122;
2.96721;
57.6628;
27.5897;
17.7025;
7.68904;
20.7544;
11.0645;
92.4894;
2.98767;
84.8436;
49.4891;
39.4808;
1.67104;
2.10164;
78.3117;
73.6817;
64.5239;
54.5569;
2.75813;
46.0611;
36.0713;
26.1518;
16.2452;
2.15803;
36.4349;
27.9094;
19.4766;
9.51232;
1.60179;
38.2049;
40.59;
30.8358;
21.1299;
11.2492;
3.14955;
75.6485;
65.7316;
55.7886;
3.54108;
38.8152;
31.0245;
66.7781;
58.1429;
37.1833;
27.2699;
17.4722;
8.11361;
50.5685;
2.15695;
2.07766;
75.5908;
68.492;
58.7981;
50.3028;
40.8933;
31.9587;
22.2134;
12.3352;
5.24983;
1.65101;
34.7901;
25.1567;
15.3174;
5.41007;
2.177;
44.356;
36.1382;
27.5687;
18.2453;
8.76875;
8.20687;
43.9892;
36.6988;
26.8551;
16.5026;
6.91698;
3.18824;
2.92494;
1.98275;
37.6021;
11.1836;
32.8333;
23.5998;
3.5703;
1.99623;
2.04619;
83.8474;
3.63889;
77.2184;
67.667;
59.2526;
49.4603;
40.1998;
30.8513;
21.3262;
2.50626;
2.29267;
2.23716;
40.1193;
19.7563;
10.7927;
34.3451;
3.70284;
4.14789;
1.71914;
1.96805;
37.9644;
26.1803;
16.3168;
6.45359;
77.6431;
67.7543;
58.4076;
48.9119;
39.0955;
2.10336;
2.1018;
36.7088;
70.5689;
61.7783;
11.6919;
52.7845;
43.461;
38.1604;
28.4189;
8.30246;
21.6655;
11.8119;
45.8533;
2.45627;
39.6803;
2.07368;
32.0498;
23.6322;
14.6103;
5.56973;
3.32353;
39.0081;
79.0147;
69.1976;
59.5826;
52.5148;
41.114;
31.2699;
21.3318;
11.3334;
4.10949;
2.0538;
1.88662;
48.2381;
4.67627;
39.5804;
45.67;
44.3825;
34.7298;
24.9184;
15.192;
5.51694;
44.6797;
37.8788;
28.8936;
19.4663;
9.81433;
2.50099;
37.2625;
34.6451;
24.6998;
15.1294;
6.92224;
42.7747;
35.508;
27.007;
17.3481;
7.39082;
44.1629;
34.6337;
4.75437;
25.755;
16.366;
1.70437;
36.329;
28.5853;
18.7794;
9.02117;
3.41678;
1.78242;
33.6906;
25.9454;
16.7457;
6.8271;
1.62282;
38.0864;
14.1932;
4.39745;
77.2755;
68.1168;
58.5894;
49.4272;
40.3578;
31.0338;
3.91511;
11.5402;
2.56351;
43.6811;
34.0811;
24.6242;
1.61284;
33.1468;
24.8309;
15.1512;
5.37461;
43.2254;
38.1928;
28.6697;
19.0533;
9.32048;
3.26958;
43.4701;
36.8313;
25.9711;
15.9325;
5.96296;
40.1815;
31.0762;
21.2682;
8.26482;
3.11282;
1.90152;
37.8869;
25.821;
16.564;
6.71867;
77.7746;
67.8671;
57.9431;
49.2744;
39.486;
2.01316;
2.10642;
35.2544;
26.0461;
16.5448;
7.13346;
1.92187;
37.8171;
79.1405;
70.3793;
62.5822;
53.9122;
44.0903;
34.1842;
24.4199;
15.6088;
11.2902;
2.42577;
38.2191;
72.1252;
63.1113;
53.1624;
44.4262;
14.4588;
4.81597;
38.8425;
28.9181;
2.07269;
3.58331;
48.144;
8.2054;
39.6735;
30.5726;
20.8658;
2.26857;
4.06405;
38.5878;
31.5471;
22.348;
12.8939;
4.07193;
46.3844;
82.7999;
73.2006;
63.8136;
54.12;
44.2794;
3.94194;
37.0181;
27.8477;
18.0494;
4.01396;
48.2428;
10.677;
83.5264;
75.0499;
65.2421;
55.417;
45.9025;
39.3686;
29.5675;
9.51482;
3.32077;
48.1972;
84.9095;
75.0149;
64.9181;
55.6712;
46.1824;
37.2766;
28.406;
18.5212;
8.5531;
3.10972;
48.4518;
40.3147;
30.8562;
21.1366;
11.3069;
2.88868;
3.00274;
3.62529;
34.6444;
24.8063;
14.8887;
5.43245;
48.6607;
4.06335;
3.83628;
37.6123;
30.4604;
10.4358;
43.8973;
34.3462;
64.8508;
24.5605;
15.1382;
5.24794;
3.30619;
4.82285;
36.9209;
74.1387;
64.9921;
55.4157;
50.2708;
40.8141;
30.9769;
21.1988;
11.2724;
2.49302;
2.72858;
44.0074;
35.3278;
25.9736;
16.3597;
6.69869;
4.11165;
89.7343;
39.7861;
81.0653;
71.7606;
31.9291;
22.2263;
12.3718;
63.0567;
6.77536;
47.2795;
38.6493;
29.2988;
21.3731;
11.849;
44.1101;
35.1774;
26.6791;
16.7708;
7.1201;
4.07834;
44.0067;
35.4234;
25.6401;
15.7884;
5.87319;
24.9135;
15.6911;
5.83615;
48.2369;
38.3116;
1.70851;
44.5788;
35.2481;
26.0784;
16.391;
6.47648;
26.2342;
16.4441;
6.53125;
48.3574;
39.3769;
2.95784;
1.89231;
3.4024;
38.5071;
32.5136;
22.9665;
13.5389;
3.62261;
77.2026;
67.5095;
57.7258;
48.6086;
1.50254;
59.4886;
2.87183;
53.8477;
43.9135;
34.7898;
25.0087;
15.0246;
2.17632;
2.16503;
41.2319;
34.9556;
25.055;
15.7568;
5.83768;
2.87539;
42.3011;
39.3053;
29.6775;
19.8521;
9.90631;
3.05227;
40.7153;
77.5737;
69.3738;
59.6332;
53.8517;
44.1873;
34.7499;
24.8772;
14.9048;
4.90683;
42.4105;
33.1494;
23.6088;
13.6854;
3.68684;
41.2391;
35.0982;
25.9442;
16.9926;
7.25679;
42.4247;
36.5521;
6.38903;
27.4329;
18.1859;
1.80324;
39.4188;
32.9148;
23.3219;
13.3724;
4.43689;
43.4993;
38.4892;
29.2356;
19.9666;
10.0367;
3.3424;
36.3898;
27.7581;
18.5681;
9.18603;
44.0289;
36.9517;
27.5737;
18.3304;
9.12859;
3.13373;
39.594;
11.9672;
33.0181;
1.99602;
24.1238;
42.3966;
34.7706;
26.0718;
16.5048;
7.29793;
5.38737;
3.40805;
40.5862;
22.6641;
12.8087;
34.4794;
4.32688;
1.8534;
38.3766;
73.8811;
64.2912;
35.1686;
24.9585;
15.0045;
5.00862;
56.1966;
50.5096;
1.66361;
1.89946;
2.07573;
37.1184;
75.859;
65.9836;
56.6009;
47.9252;
38.4746;
28.7082;
18.8623;
8.90663;
3.49397;
3.60381;
45.9428;
35.1497;
25.2623;
15.7477;
7.57993;
44.335;
38.8028;
28.8668;
18.8712;
8.87462;
3.15257;
79.9519;
116.531;
106.667;
96.776;
90.6816;
80.8761;
72.2986;
63.5008;
54.2172;
46.4091;
36.9876;
27.1364;
17.246;
7.24098;
4.48169;
48.5615;
40.0754;
31.8174;
23.4491;
13.9423;
4.84975;
60.7328;
2.35819;
56.8736;
43.7869;
34.5369;
24.9645;
15.1024;
45.6607;
33.3337;
25.1435;
15.9755;
6.65046;
90.7523;
81.2323;
71.8817;
62.0921;
52.3552;
43.1261;
33.5973;
24.1605;
14.2488;
7.31245;
4.33889;
48.8297;
40.1511;
27.5075;
17.5709;
8.25996;
3.66217;
39.2671;
33.2397;
24.0508;
14.8077;
5.54258;
38.9138;
76.9758;
69.2024;
59.0063;
49.3351;
39.7657;
30.1771;
20.6344;
10.8101;
4.90648;
3.68546;
38.7803;
75.4948;
66.514;
57.4803;
47.6908;
42.077;
32.2023;
22.2345;
12.2672;
3.4708;
39.054;
8.97831;
29.801;
20.3584;
2.41303;
2.10845;
41.9532;
36.3273;
27.2796;
17.8246;
8.11154;
3.10364;
38.2711;
33.7226;
23.8513;
14.2294;
6.0447;
3.70242;
40.6765;
37.9578;
27.5343;
17.5305;
9.54145;
4.01914;
39.2038;
33.1662;
4.44828;
25.0038;
15.4372;
3.65989;
82.6544;
76.7715;
68.3231;
58.5147;
48.704;
39.062;
29.4778;
19.9847;
10.3942;
4.55202;
3.78739;
4.11004;
81.728;
73.1276;
65.4196;
55.6868;
46.0842;
36.2771;
26.4264;
16.6668;
6.97976;
51.1118;
43.0876;
36.1142;
27.3375;
18.4968;
8.41582;
45.8815;
16.0196;
6.04011;
37.2016;
28.169;
1.70552;
38.0683;
31.9546;
23.1451;
14.073;
5.22066;
48.5519;
41.3801;
31.526;
21.6617;
11.6851;
5.59096;
2.96455;
35.7792;
27.6596;
18.9018;
9.72838;
5.02533;
4.16737;
41.4493;
37.1024;
27.4423;
17.6121;
7.61388;
2.58209;
3.13259;
39.2956;
80.8531;
70.7057;
60.8767;
53.7062;
43.922;
34.4144;
22.1174;
12.4788;
3.52761;
3.6281;
39.4659;
30.8424;
22.151;
12.3396;
3.75968;
3.47516;
3.24963;
36.587;
33.0568;
23.2881;
13.3077;
5.3453;
3.21556;
39.6474;
79.6415;
68.9741;
59.1912;
53.8642;
44.3948;
34.6399;
24.7632;
12.5974;
4.1534;
3.77537;
3.61715;
40.0448;
35.3735;
25.718;
15.9702;
7.74491;
3.66407;
38.6848;
76.9649;
67.8433;
57.9471;
48.4098;
38.8922;
29.4654;
19.8406;
10.1895;
4.14038;
49.435;
40.945;
28.8667;
19.3447;
9.59135;
3.34423;
3.76406;
37.2338;
82.3176;
74.1901;
64.9057;
57.6972;
47.8412;
37.8836;
28.4729;
20.631;
10.8466;
3.6957;
37.6276;
29.7875;
20.8499;
10.9228;
3.31208;
46.3645;
85.6241;
76.8209;
66.9459;
57.002;
47.8735;
38.9193;
29.9803;
20.6707;
11.0841;
4.42935;
47.0899;
39.2018;
30.2599;
20.4635;
10.6555;
2.89315;
37.8288;
31.1177;
21.2177;
11.2189;
2.97924;
41.5578;
36.082;
26.1425;
16.1838;
6.6051;
4.65864;
42.578;
35.1468;
26.145;
17.6504;
8.05487;
4.11478;
42.0357;
32.5325;
24.7058;
14.7721;
7.1089;
5.87023;
45.8357;
35.6433;
27.5583;
19.6102;
10.2;
3.47969;
45.9764;
37.2803;
28.7855;
19.1041;
9.22841;
6.10715;
3.057;
33.9984;
27.2087;
18.7671;
10.0013;
3.89815;
41.7898;
35.9636;
27.2426;
16.2119;
7.5511;
3.38692;
41.6874;
35.3005;
26.7585;
59.4781;
49.9532;
40.5102;
80.9852;
71.7008;
61.9438;
52.0443;
45.4348;
32.2627;
22.373;
12.4105;
52.6675;
45.1366;
35.2979;
25.6721;
16.5307;
6.59496;
3.83296;
3.49515;
3.1672;
42.6119;
40.4183;
30.5872;
20.7568;
10.7654;
4.08907;
42.4897;
37.2142;
27.4567;
17.5488;
8.04982;
3.73902;
37.6235;
29.1087;
20.942;
11.1885;
3.22312;
3.59529;
39.5286;
79.8657;
70.0276;
59.2648;
51.0964;
41.4299;
31.4456;
21.4263;
11.3702;
4.28468;
5.27423;
40.9218;
34.6568;
25.203;
15.8932;
6.15283;
49.1234;
84.0282;
74.7383;
65.0938;
56.1344;
46.9015;
37.0147;
29.5085;
20.0085;
10.1077;
3.13051;
3.8828;
83.085;
76.6583;
68.7002;
59.6914;
50.5827;
41.5035;
31.9946;
21.737;
11.863;
4.29388;
44.5387;
79.8925;
70.6202;
59.0516;
50.7852;
41.3608;
32.1104;
22.974;
13.1854;
3.54019;
3.92086;
39.0377;
74.2786;
65.0576;
57.1311;
51.1741;
41.4912;
31.7561;
21.9363;
12.0501;
3.94959;
38.6139;
28.89;
18.9993;
9.04857;
46.8603;
38.3299;
27.0078;
17.2693;
7.37002;
3.25793;
44.6098;
36.8152;
27.9593;
18.203;
8.58021;
3.1789;
46.1683;
36.322;
26.4821;
16.8659;
7.09046;
3.24439;
3.0621;
56.6223;
51.1003;
41.3265;
31.4848;
21.5441;
11.4939;
4.07219;
45.6422;
37.0466;
27.9734;
19.2177;
9.39598;
3.2164;
3.13297;
3.45448;
52.1804;
50.4727;
40.7165;
30.966;
20.9286;
10.8812;
3.18848;
38.5376;
28.8438;
19.0431;
9.51355;
2.80844;
55.5516;
46.6943;
37.3326;
27.6783;
19.6663;
10.3817;
4.61558;
4.92195;
55.4685;
48.0181;
38.289;
28.3125;
18.3012;
8.27922;
50.4364;
42.2102;
32.3214;
22.5627;
13.1086;
7.72886;
45.7166;
37.7949;
27.9743;
18.1667;
8.44074;
47.7197;
38.2767;
28.8151;
20.6396;
10.8318;
46.7307;
39.0469;
29.6672;
19.7579;
6.66962;
2.9266;
41.1469;
34.8161;
25.7814;
16.2367;
6.25781;
3.30302;
3.58487;
3.64267;
38.7093;
36.1224;
26.1881;
16.2265;
9.11682;
3.02079;
42.0933;
36.2336;
27.493;
18.7026;
9.10435;
3.41053;
3.52422;
40.9241;
35.7171;
25.8295;
15.8077;
7.51592;
3.46403;
41.9792;
37.0004;
27.2017;
17.2658;
7.23988;
3.5172;
36.9496;
29.9395;
20.6201;
10.8421;
3.99801;
38.0832;
31.1516;
22.636;
12.767;
3.50739;
43.2683;
37.0822;
27.3938;
17.9019;
8.10475;
3.86751;
38.9797;
30.7195;
66.4929;
58.0185;
48.5116;
43.3153;
33.4946;
23.5804;
13.7289;
3.78357;
3.2384;
40.6904;
31.3138;
21.6289;
11.7545;
3.87566;
3.1488;
3.98952;
40.1721;
81.7653;
72.0101;
62.5171;
53.5545;
44.1184;
34.6863;
24.8839;
14.8919;
5.27757;
38.8883;
26.1313;
16.1206;
6.16175;
42.0482;
34.7547;
26.7419;
16.907;
8.21401;
3.47822;
39.7406;
33.6625;
24.6031;
15.6926;
6.34148;
47.0754;
39.5599;
72.8464;
63.6614;
54.3031;
50.6331;
37.3982;
27.4706;
17.4882;
7.52011;
44.13;
40.5259;
30.6133;
20.7379;
10.907;
3.02574;
39.7395;
29.2163;
20.0274;
10.2835;
3.11859;
3.7687;
38.3043;
76.8884;
67.2459;
57.4145;
54.3866;
44.609;
34.9776;
24.9685;
14.999;
5.01232;
4.04732;
3.92033;
3.3969;
42.719;
40.3428;
30.8885;
21.0264;
11.0199;
5.90552;
38.605;
79.8575;
70.2058;
60.6246;
51.7861;
43.4316;
34.1055;
24.5741;
14.7405;
5.33803;
49.551;
39.6547;
30.2321;
20.6477;
10.9298;
3.99005;
50.552;
43.643;
34.3127;
24.7524;
14.7592;
4.73527;
2.87548;
40.9456;
34.4967;
25.4812;
16.1415;
6.33138;
3.51898;
86.0101;
83.0537;
73.5644;
64.7202;
55.0228;
45.1786;
35.3344;
25.5724;
13.7972;
4.02979;
42.1146;
33.5816;
24.6232;
14.8267;
5.16589;
48.4767;
38.7816;
29.6539;
19.7555;
9.99997;
3.29173;
36.2855;
31.9981;
22.1888;
12.3496;
4.03207;
3.55449;
40.9465;
36.4068;
26.7127;
16.5447;
8.03564;
4.15413;
3.3808;
41.094;
34.4656;
25.283;
15.525;
6.32922;
3.35175;
42.9349;
33.19;
23.5736;
14.1904;
4.48104;
3.94868;
3.70914;
41.4954;
35.4027;
29.4326;
16.1388;
7.541;
2.68909;
3.79947;
38.8631;
80.3225;
67.9455;
58.0262;
49.6369;
39.6983;
29.7196;
20.0953;
6.64966;
3.50942;
39.3225;
29.9636;
20.0807;
10.1851;
43.7097;
35.0758;
25.9393;
16.2965;
7.24058;
51.5204;
42.3155;
33.2577;
24.0036;
14.2564;
4.39893;
45.0434;
35.4263;
26.6107;
14.5327;
6.16891;
44.7702;
36.3226;
26.4896;
16.9205;
7.69306;
3.4315;
40.1857;
30.0914;
22.7527;
13.5863;
5.04078;
39.1488;
33.1095;
24.4323;
14.9924;
5.38432;
3.87355;
39.4851;
80.3125;
70.4134;
60.4472;
54.2741;
44.8399;
31.7824;
21.7356;
11.6994;
5.03054;
5.41427;
38.6922;
75.5279;
67.499;
60.1029;
54.9237;
45.2143;
35.4068;
25.819;
15.8301;
5.84131;
3.57888;
37.1824;
28.1778;
18.6053;
8.15593;
48.9192;
41.3065;
31.8894;
22.2618;
12.3865;
4.7284;
2.87028;
36.334;
27.2155;
17.3307;
7.44841;
2.94586;
37.5336;
81.2539;
71.4275;
61.6998;
53.8646;
44.0397;
34.1993;
24.2343;
14.1616;
4.67359;
2.86368;
39.4921;
29.5926;
19.7704;
9.8219;
3.16862;
2.80148;
45.6633;
37.9204;
28.0542;
18.2559;
8.49214;
3.11513;
3.29644;
36.6393;
27.9512;
18.251;
8.38562;
3.17152;
3.26531;
3.38432;
38.062;
35.296;
25.4777;
15.5523;
7.80224;
2.8733;
44.384;
36.6784;
27.4227;
17.5552;
7.69782;
4.28055;
44.8697;
36.2284;
27.3002;
17.5398;
7.68661;
4.43637;
2.71101;
40.1895;
33.6443;
24.6847;
15.3747;
6.37696;
2.5296;
45.6754;
39.202;
29.7567;
20.6622;
10.9097;
3.45914;
2.91985;
2.90041;
37.7349;
28.6396;
19.4275;
9.85984;
2.93732;
40.7523;
39.0659;
29.2546;
19.219;
52.7033;
43.3005;
36.6002;
26.8791;
16.9662;
7.03819;
4.16665;
45.1356;
35.198;
25.1865;
15.6295;
7.67565;
43.6702;
35.878;
26.9624;
17.0421;
7.50667;
3.50743;
44.0236;
40.934;
31.6651;
21.9277;
12.2527;
4.27188;
45.655;
38.0145;
28.6762;
18.7193;
8.89984;
3.18833;
3.5915;
3.06319;
37.723;
36.1874;
26.3515;
16.3651;
8.62336;
2.56005;
44.2589;
37.0423;
27.3256;
17.6109;
8.34504;
3.21066;
2.56993;
37.512;
30.6147;
21.457;
12.3203;
5.77582;
42.3188;
37.7407;
27.7712;
18.1672;
8.15897;
3.35832;
3.20266;
39.0053;
33.1196;
24.016;
15.4208;
4.4;
3.70928;
39.8938;
33.7338;
24.765;
15.8783;
6.69545;
45.1713;
38.0622;
28.6083;
18.7582;
8.88136;
3.02088;
3.92396;
2.8966;
2.92759;
38.1469;
34.1947;
24.4709;
14.6626;
7.89322;
3.16791;
3.66442;
43.8227;
36.2174;
23.0755;
13.2668;
3.88504;
4.03331;
39.1887;
30.8854;
19.1698;
12.3823;
3.05991;
42.1835;
36.3664;
27.2074;
18.035;
8.66869;
4.30096;
42.8265;
35.9251;
26.8534;
16.9632;
6.96876;
39.4076;
35.1209;
25.2442;
16.1614;
7.40674;
3.3541;
38.7988;
32.1187;
23.4816;
13.8688;
5.66372;
3.43594;
37.7239;
35.8684;
24.4558;
14.4884;
6.09448;
42.1338;
83.5149;
74.1216;
64.4692;
54.539;
46.006;
36.3154;
28.2901;
18.5056;
8.63897;
3.32938;
3.75958;
36.4324;
71.7475;
62.104;
59.0456;
50.3356;
41.1651;
31.448;
21.7326;
11.9567;
44.7087;
31.6285;
23.6405;
15.3336;
6.80406;
3.29369;
83.6871;
82.1211;
72.6884;
62.8992;
52.9437;
42.9687;
32.9733;
19.3495;
9.38808;
4.28524;
38.5073;
30.0507;
20.4745;
10.6289;
45.5481;
39.4544;
29.9238;
20.3133;
10.3373;
4.86355;
3.55654;
38.8234;
74.9449;
66.4829;
57.6136;
48.008;
42.1972;
32.4154;
22.5572;
12.6507;
4.37489;
37.5325;
31.4167;
64.9427;
56.4088;
47.455;
38.5476;
29.7026;
20.5757;
12.1388;
5.2681;
3.88188;
84.1477;
76.9468;
67.5003;
58.7573;
48.8372;
39.0111;
29.6432;
19.7194;
9.76033;
26.0967;
17.1062;
7.54611;
46.4669;
37.5831;
27.8444;
18.1104;
8.26099;
3.11911;
3.02905;
3.47738;
3.21128;
41.2729;
40.697;
30.8489;
20.9915;
10.982;
3.63926;
81.5389;
80.1469;
71.4177;
61.5209;
51.5472;
43.6692;
34.0146;
24.0326;
14.0239;
5.13151;
44.9232;
36.1895;
26.4618;
17.042;
7.12195;
3.26555;
3.38949;
42.6052;
36.6093;
27.6476;
18.741;
8.86061;
56.3171;
49.229;
39.5296;
29.6357;
18.5101;
8.64562;
3.30627;
3.59469;
3.19905;
39.7549;
36.3326;
26.5349;
16.5751;
8.8486;
3.55626;
3.63166;
40.6238;
34.4198;
21.8159;
12.8886;
2.85614;
3.59423;
3.60556;
38.0838;
36.2206;
26.3563;
16.3804;
8.73587;
4.45629;
4.27839;
4.37836;
37.5969;
31.2288;
22.3427;
13.6146;
4.51666;
44.2285;
35.9931;
26.5828;
17.1034;
7.18635;
42.7809;
34.1292;
24.7795;
11.3098;
5.08727;
3.52641;
38.3895;
32.7627;
23.1596;
13.4519;
5.79507;
3.40156;
38.8016;
79.5591;
69.8312;
60.9247;
51.9025;
41.9609;
32.4803;
22.5666;
12.6247;
3.80548;
3.57846;
38.1404;
29.5127;
20.3092;
14.1437;
4.60418;
4.04184;
3.98849;
39.5535;
32.3754;
24.4134;
16.1209;
6.69137;
46.7967;
39.4298;
29.6426;
19.7097;
9.70294;
3.4867;
38.7541;
29.4123;
20.9399;
11.27;
3.3175;
38.2977;
32.3007;
23.2983;
13.7002;
5.27144;
44.4879;
35.025;
25.4357;
15.7125;
5.77907;
3.50154;
4.03193;
45.2089;
37.6639;
28.2054;
18.48;
8.87815;
2.96583;
3.5365;
38.9041;
32.2638;
22.6352;
13.9305;
4.57102;
3.28232;
82.488;
80.5132;
71.0331;
61.1568;
51.4872;
42.0901;
32.7657;
23.026;
13.2964;
3.25319;
43.7702;
36.0922;
26.4914;
17.1653;
7.31805;
3.65183;
42.3309;
34.711;
26.5097;
17.9212;
8.82092;
53.8514;
46.0444;
36.1213;
26.2134;
16.196;
5.68519;
3.4773;
80.5209;
72.346;
64.7381;
55.2462;
46.0151;
37.7659;
28.2058;
18.5138;
9.269;
3.34809;
42.7516;
75.9069;
64.7273;
55.0103;
48.188;
38.5477;
28.9745;
19.1651;
9.24799;
3.24213;
38.5834;
30.5475;
21.3296;
11.6953;
3.35078;
39.9202;
32.0218;
22.2058;
12.234;
6.15022;
3.37987;
38.6024;
71.9601;
63.4985;
55.5801;
45.868;
36.4645;
26.9369;
18.0244;
8.17383;
3.11468;
53.7013;
45.0517;
35.6474;
26.8918;
16.7983;
6.9889;
4.91422;
42.573;
36.5121;
26.6552;
17.0838;
7.20678;
4.63155;
48.4416;
40.1522;
30.6517;
21.7967;
11.9466;
4.60332;
3.18414;
42.3227;
36.2685;
26.3585;
17.7886;
7.83841;
3.0526;
45.1026;
78.8677;
70.2211;
60.5043;
50.8409;
43.1928;
33.2727;
25.4705;
15.705;
5.81752;
3.13867;
42.1105;
76.5961;
68.0128;
58.1932;
48.3178;
42.047;
32.3606;
20.5348;
10.8916;
3.35235;
3.54877;
3.56287;
38.5229;
34.0072;
24.2349;
14.4328;
6.51501;
3.89872;
3.32003;
43.7169;
38.662;
28.9291;
19.2099;
9.19194;
2.76979;
3.39818;
97.9056;
92.5739;
82.9891;
72.1001;
63.1133;
54.5335;
44.6698;
34.7544;
24.7816;
14.7616;
4.98665;
47.1133;
39.6745;
31.0274;
18.8071;
8.91008;
3.46564;
42.7909;
34.8727;
70.3428;
61.3664;
51.7319;
42.7067;
31.7036;
22.1962;
13.4299;
8.36966;
3.26025;
38.4083;
28.3316;
19.263;
9.31407;
3.88172;
3.06982;
42.0139;
76.6702;
66.8799;
57.1401;
48.5138;
38.9318;
29.7371;
19.8539;
9.85458;
2.62503;
45.9132;
81.2681;
71.7239;
62.4781;
52.5784;
46.1908;
36.7844;
27.6506;
17.672;
7.67412;
44.4122;
37.0908;
27.1811;
17.3921;
7.73634;
3.47237;
3.09833;
37.7894;
78.9721;
69.4064;
59.5246;
50.7298;
40.9992;
31.1864;
21.2394;
11.2831;
42.7758;
34.7954;
25.8782;
12.6346;
3.50253;
3.29652;
3.58416;
66.7533;
62.7279;
53.1942;
44.1624;
34.6748;
25.1637;
13.7416;
4.25523;
38.7544;
30.5365;
21.0717;
11.1537;
4.76734;
3.78078;
3.84412;
39.1767;
74.599;
64.9754;
56.3948;
47.0264;
37.416;
27.4862;
17.5125;
7.49012;
3.59976;
3.29663;
81.7895;
71.5409;
62.9356;
53.0169;
43.5652;
35.7853;
26.6856;
13.6685;
48.2662;
39.5805;
31.7462;
22.3128;
13.0652;
3.45545;
42.5532;
35.4317;
26.2318;
17.1686;
7.25821;
2.76144;
41.1344;
34.979;
26.2217;
17.1777;
7.51845;
45.9382;
85.2457;
71.8636;
61.9817;
52.0581;
42.1751;
32.2637;
22.279;
12.9982;
4.52644;
4.16145;
3.11434;
38.046;
77.7268;
68.9045;
59.4693;
51.819;
42.099;
32.2291;
22.3862;
12.4933;
3.96132;
43.8566;
79.8663;
70.0702;
60.7611;
50.8584;
43.717;
33.8245;
24.1121;
14.2023;
4.09077;
3.33055;
36.8377;
71.5127;
62.3134;
52.6399;
47.441;
37.7049;
23.9107;
13.9314;
3.90558;
3.61735;
3.27382;
37.3407;
31.0508;
22.1668;
12.247;
3.47008;
3.49387;
3.22969;
37.437;
76.9447;
69.1804;
59.7083;
51.3816;
41.4623;
31.5323;
21.5566;
11.5659;
3.9953;
40.0459;
32.9427;
23.4539;
14.2835;
4.82429;
3.58553;
41.5968;
35.0997;
25.5129;
16.631;
7.23623;
3.78526;
39.2482;
30.1117;
20.5576;
10.7407;
6.17886;
3.68945;
82.335;
76.9425;
67.1711;
57.2597;
47.6714;
37.8973;
28.4943;
15.8106;
6.11254;
2.93685;
45.7058;
37.8706;
27.9476;
18.7606;
9.06609;
4.15319;
45.6932;
80.7952;
71.7392;
61.9122;
52.1005;
40.1279;
34.5349;
25.1745;
12.9227;
3.48557;
3.60112;
63.3539;
57.6911;
47.7606;
37.7353;
28.135;
18.7542;
8.8112;
3.41982;
37.0943;
29.9672;
20.2005;
10.9743;
3.2223;
38.5224;
32.4505;
22.9541;
13.3253;
4.60763;
40.9586;
34.6944;
24.7247;
15.4047;
6.86657;
3.08888;
39.4378;
33.6065;
23.6031;
14.0687;
6.05222;
42.392;
34.9686;
25.9969;
16.7564;
6.76774;
3.51855;
3.39644;
3.25129;
40.9305;
85.9059;
76.1586;
66.2863;
59.0475;
49.2039;
39.2282;
29.2488;
19.2377;
9.19241;
43.9849;
36.2366;
26.9706;
17.2085;
7.45113;
3.97777;
36.2805;
81.4989;
72.4665;
62.6402;
53.3026;
43.448;
33.4969;
23.5178;
13.4267;
4.19198;
3.18886;
3.72264;
39.5767;
36.0432;
26.3863;
16.475;
8.16161;
3.18079;
3.75155;
44.4079;
36.9515;
27.3544;
18.1453;
8.34249;
3.24318;
4.31094;
3.9574;
39.6064;
76.4084;
66.6825;
59.7758;
53.8012;
43.9437;
33.9725;
23.981;
13.9609;
4.26203;
3.26548;
54.5801;
43.7487;
33.9691;
20.4424;
12.4397;
3.88811;
41.7517;
79.6503;
70.8367;
62.7299;
53.298;
45.1136;
36.4135;
26.6766;
17.0219;
7.13235;
44.6304;
38.224;
28.4036;
18.7598;
8.81863;
47.8139;
41.7255;
31.8737;
21.9315;
12.3041;
4.55977;
3.75182;
3.05735;
40.2589;
36.4418;
27.4361;
13.7429;
5.27679;
45.497;
37.7481;
27.9623;
18.005;
8.01607;
3.25705;
3.68081;
3.48445;
37.7698;
36.2576;
23.916;
14.2058;
6.13576;
43.9197;
36.7338;
27.5246;
16.338;
6.13909;
4.01662;
40.7539;
32.078;
23.328;
13.4729;
3.58597;
42.5208;
37.7306;
27.808;
18.4081;
8.39414;
3.18357;
4.64936;
85.6066;
83.3821;
72.5468;
62.9208;
53.0728;
43.0932;
33.2324;
23.3894;
13.5047;
4.2677;
3.67341;
40.7464;
33.0176;
25.0823;
16.1092;
10.9862;
3.0966;
37.3666;
32.7015;
19.2823;
9.77805;
2.66525;
40.8744;
36.0932;
26.7657;
12.9499;
4.74381;
3.21902;
38.1306;
32.0465;
23.5316;
14.4614;
5.73523;
3.18556;
36.1135;
28.1207;
61.1518;
52.9605;
45.0545;
38.6222;
28.7574;
18.8032;
8.81673;
3.75411;
39.5753;
33.5157;
24.5414;
14.8077;
5.99579;
3.5119;
39.07;
34.5137;
25.2929;
15.8721;
7.13965;
3.58959;
38.6306;
32.6032;
21.9622;
13.0931;
3.84118;
2.88179;
3.11193;
81.8753;
78.3183;
68.5843;
58.7673;
48.753;
39.4456;
30.0319;
20.4673;
10.6292;
3.38417;
38.5442;
30.0793;
20.5357;
10.7366;
44.3206;
36.5875;
27.5138;
18.1686;
9.21593;
5.05908;
4.63188;
36.6923;
77.6599;
68.0628;
58.6301;
54.186;
44.4016;
34.6035;
24.7307;
14.7003;
4.60746;
3.88102;
38.7956;
31.6873;
22.9395;
13.9948;
5.87507;
47.0944;
38.1225;
29.5095;
20.3947;
10.9136;
3.11503;
42.0387;
33.2099;
23.4841;
13.6954;
9.45069;
3.03956;
81.4813;
72.8868;
64.4629;
54.7852;
45.7972;
36.0081;
26.2274;
16.425;
8.42146;
2.87875;
37.1144;
29.9578;
21.0136;
11.6899;
3.07932;
45.2838;
81.5838;
68.2213;
58.6328;
52.5167;
44.3249;
34.616;
24.6906;
15.1376;
5.57222;
3.39505;
48.29;
38.8031;
30.5911;
17.472;
7.66996;
3.28011;
36.4294;
29.849;
20.8132;
11.434;
2.75343;
45.3405;
81.5934;
72.2675;
62.3852;
53.3235;
45.0363;
36.0143;
26.3148;
16.6475;
6.65856;
43.7826;
78.1838;
69.9546;
61.6231;
52.1788;
43.1028;
36.4284;
26.585;
17.2569;
7.62591;
3.8684;
49.5331;
42.0819;
32.6958;
24.5223;
14.7559;
4.77072;
3.78228;
4.91477;
84.7936;
76.3693;
67.526;
57.7823;
50.3318;
41.0854;
31.9451;
22.6352;
12.7537;
5.0815;
47.2616;
39.2292;
29.6892;
19.8797;
10.6004;
5.14591;
4.33643;
5.2426;
38.2135;
31.7268;
23.0718;
14.0473;
4.96334;
45.0815;
35.9419;
26.503;
16.755;
6.99768;
3.14369;
3.1676;
3.67481;
3.30688;
36.8715;
34.301;
24.5098;
14.5765;
6.32858;
4.11775;
3.67389;
39.668;
29.0267;
20.8956;
12.1085;
2.81251;
3.09898;
3.38162;
3.78298;
46.6874;
38.9965;
29.5224;
19.9283;
10.2988;
3.01495;
2.6602;
40.2838;
31.8948;
23.0249;
13.5755;
3.77621;
2.95127;
3.26687;
35.5585;
78.491;
67.3487;
57.9111;
50.2968;
40.3382;
30.3036;
20.2774;
10.2447;
2.84845;
44.718;
36.1385;
26.9786;
17.4042;
7.51911;
46.8709;
37.3826;
27.4885;
18.3536;
8.78442;
4.22891;
42.5928;
37.9593;
27.4779;
17.6985;
7.67996;
2.87794;
44.4858;
39.6753;
29.8069;
19.7904;
9.75445;
3.44452;
3.02555;
3.42774;
41.8691;
38.0988;
28.5516;
18.6054;
8.58473;
2.93664;
39.6648;
34.7749;
25.0006;
14.9679;
7.08924;
3.66374;
80.8843;
76.3432;
66.5147;
56.8251;
46.9325;
38.0017;
27.7173;
17.9307;
8.02027;
3.52082;
3.23008;
37.4383;
30.0554;
21.4148;
13.0767;
3.78495;
2.76852;
38.7963;
30.9785;
22.5774;
13.9779;
4.69475;
3.59422;
3.1602;
2.98812;
42.8945;
35.2356;
26.668;
17.0222;
4.57637;
3.05779;
43.7911;
37.512;
28.4284;
18.6144;
8.78824;
3.17171;
43.3899;
33.0162;
24.5122;
14.5732;
4.18564;
3.32454;
38.1925;
33.9101;
24.0372;
14.0936;
6.93736;
44.2015;
38.3012;
29.7958;
19.8821;
10.4495;
3.73982;
4.11967;
39.4574;
35.5937;
25.7387;
15.7546;
7.69801;
3.52121;
3.46495;
41.9874;
35.891;
27.0962;
18.0389;
8.29767;
3.40985;
35.2811;
76.6504;
67.1236;
57.3086;
49.0127;
39.1047;
26.5488;
16.5047;
6.48896;
3.94102;
4.15161;
82.8457;
75.0922;
66.9608;
57.4182;
48.0725;
38.8937;
29.3054;
19.4415;
10.4198;
46.4259;
38.4499;
31.5627;
22.9068;
13.7601;
4.01963;
50.2282;
83.8149;
74.0954;
64.4166;
54.5186;
45.538;
38.7066;
29.2696;
19.7913;
9.82079;
3.09689;
3.15261;
47.9733;
41.3766;
32.1929;
22.5584;
13.3902;
4.09342;
42.6829;
36.6014;
26.7722;
16.8987;
6.91448;
2.78654;
43.6066;
37.6285;
27.8031;
18.4777;
8.47216;
44.9532;
37.2446;
27.7683;
18.5722;
8.71215;
43.6853;
33.2611;
23.9678;
14.1829;
4.4345;
47.1307;
42.3593;
32.4516;
22.5163;
12.4801;
4.13658;
40.1612;
31.4667;
22.0532;
12.3403;
3.79523;
41.2822;
34.3155;
22.093;
12.9224;
5.966;
46.7377;
86.8908;
77.0859;
67.5003;
58.6392;
49.674;
39.4254;
29.7103;
19.8093;
9.85092;
3.99537;
61.8424;
54.6229;
47.3921;
37.8661;
28.347;
18.8908;
8.96262;
46.3819;
37.4985;
28.0565;
18.5644;
8.6634;
3.40478;
3.04633;
55.8528;
47.9709;
46.4108;
37.0037;
27.149;
17.6262;
7.70212;
43.6872;
35.388;
26.7656;
17.1492;
7.28733;
2.91173;
41.1289;
31.6953;
22.4833;
12.724;
4.68519;
3.54313;
3.68069;
40.9418;
34.4736;
25.5915;
16.116;
7.58557;
3.32184;
3.62922;
40.4787;
34.7004;
26.075;
16.5569;
7.97404;
4.32686;
3.11211;
40.6268;
77.3989;
65.2947;
55.9495;
57.1029;
47.2506;
37.4417;
27.5021;
17.5002;
4.17156;
38.298;
29.7928;
21.5838;
12.527;
3.52454;
3.5189;
40.9146;
34.767;
25.7174;
16.1952;
6.59797;
46.7851;
39.4489;
28.0079;
18.8802;
9.06219;
3.11652;
37.6385;
29.7123;
20.2418;
10.3964;
3.44873;
3.60598;
39.6772;
32.8086;
24.4017;
15.7579;
8.201;
5.16655;
3.63599;
3.4052;
37.5295;
79.0826;
69.4686;
59.758;
51.9317;
42.0536;
32.1523;
22.1945;
12.1587;
3.51909;
36.8683;
30.1106;
20.1891;
10.346;
3.96666;
3.28446;
46.2156;
40.5074;
30.5779;
20.7758;
10.8604;
3.44684;
2.77597;
36.4742;
26.9761;
17.8399;
7.40968;
3.53707;
36.6857;
76.5106;
67.1457;
57.3201;
50.9572;
41.166;
31.3258;
20.8934;
10.8585;
3.4775;
41.3186;
32.3729;
23.0656;
14.0075;
4.2723;
43.2673;
36.1705;
26.4244;
16.7867;
7.11911;
3.38312;
39.932;
38.4029;
25.0784;
15.2611;
55.9341;
46.3808;
39.6787;
30.0139;
20.2329;
10.3631;
3.64046;
42.3376;
35.7098;
26.5502;
16.6647;
6.79213;
49.6176;
44.6492;
35.1122;
21.6237;
11.6612;
47.6662;
37.2491;
29.7215;
20.5859;
11.0783;
5.24439;
40.0413;
30.6385;
22.3138;
12.3886;
3.25226;
35.3001;
32.6061;
23.0228;
13.9789;
6.1706;
47.8371;
42.6491;
32.9211;
23.1252;
12.9358;
3.51852;
3.19916;
36.4883;
72.9283;
64.7866;
55.719;
49.6593;
39.909;
26.281;
16.25;
6.21356;
3.48882;
42.0075;
34.0838;
21.0153;
11.3155;
3.74869;
3.11295;
39.125;
31.3009;
23.3419;
14.4238;
4.94148;
3.31093;
3.01364;
2.93443;
86.1715;
83.1628;
73.285;
63.3292;
53.6106;
44.7505;
34.8962;
24.9644;
14.9894;
44.211;
36.1289;
27.313;
17.5761;
7.81752;
3.23589;
36.5534;
82.6601;
73.0394;
63.1101;
51.317;
41.6724;
31.7693;
21.8459;
11.8724;
3.56494;
43.1926;
79.396;
67.7637;
57.9022;
48.3303;
40.7302;
31.7897;
22.1542;
12.3463;
3.70834;
38.6559;
29.9529;
20.7506;
11.4899;
2.92313;
35.3386;
30.934;
21.2197;
11.2628;
3.64887;
3.68925;
39.0294;
32.3429;
23.8003;
14.1028;
4.65401;
3.28612;
45.0556;
46.4932;
36.7303;
26.8236;
16.8229;
9.06683;
3.13982;
47.4925;
43.586;
34.3184;
24.8949;
15.1092;
5.23735;
3.29296;
37.2319;
30.6485;
22.4164;
12.5546;
3.46184;
3.68082;
39.7628;
79.0126;
71.6896;
61.9083;
55.4688;
45.6281;
35.7678;
25.8051;
12.947;
45.4639;
36.9127;
25.0019;
15.3749;
5.47547;
46.5578;
39.6296;
29.7045;
19.96;
10.2237;
3.20319;
40.7424;
31.4729;
22.1523;
12.6203;
4.05708;
4.19655;
38.8965;
77.3514;
63.595;
53.9883;
46.2276;
36.7636;
26.9118;
16.9635;
5.37104;
3.70371;
3.34074;
85.7959;
76.8425;
68.0745;
55.6087;
45.4464;
36.9968;
28.9633;
19.1755;
9.66144;
2.88918;
47.0229;
39.0013;
29.8893;
20.294;
7.10978;
4.15482;
3.88447;
3.29997;
37.2167;
34.2735;
24.5025;
14.5713;
7.16363;
3.77367;
3.24704;
39.9431;
33.2362;
23.9237;
14.1897;
5.45697;
3.46885;
3.46621;
37.0434;
80.2572;
70.4407;
60.5509;
51.4935;
41.6322;
31.9358;
21.5298;
11.5353;
3.52162;
42.3703;
35.7183;
27.3871;
18.0789;
8.16231;
4.02907;
3.6635;
39.2655;
35.3206;
25.4818;
15.5146;
53.2322;
43.4175;
38.4487;
28.7246;
18.8694;
8.90892;
4.06832;
39.3451;
30.8517;
20.894;
11.3127;
3.54311;
49.4613;
46.2643;
36.5007;
26.7132;
16.8225;
6.86002;
3.26193;
38.9704;
32.2101;
23.0056;
9.53878;
4.14992;
3.0231;
37.8184;
82.786;
73.0931;
63.2391;
55.564;
45.7616;
35.8521;
25.874;
14.6342;
4.57554;
3.03894;
3.28838;
80.4864;
72.9096;
63.0451;
54.0488;
44.4795;
35.1784;
25.1977;
15.2314;
7.86667;
2.72547;
40.4861;
34.5443;
25.7637;
15.7674;
6.93792;
3.49474;
3.04635;
3.58408;
37.5118;
33.716;
23.7917;
14.1595;
5.88638;
3.1756;
3.08232;
64.1303;
57.7997;
48.5419;
39.2113;
27.9966;
18.0917;
8.11134;
2.98952;
42.4461;
34.8735;
25.9555;
16.1373;
6.14479;
45.5275;
36.3142;
27.2907;
18.6998;
9.5676;
3.23456;
39.0935;
30.3756;
21.3433;
11.7507;
3.15821;
3.03521;
44.7817;
77.2878;
67.3858;
59.0927;
49.1325;
39.8658;
32.9245;
23.1889;
13.6141;
3.77468;
41.2642;
35.0541;
21.5329;
11.8159;
5.48924;
3.27413;
38.8232;
31.1809;
22.8957;
12.6043;
3.01571;
2.88386;
3.80699;
40.3583;
38.8914;
29.9124;
19.9642;
11.1907;
2.70993;
3.40274;
41.3504;
35.4125;
26.8251;
15.685;
5.73505;
3.30292;
3.0709;
40.0882;
80.4133;
68.1176;
58.1015;
49.9589;
40.2543;
30.5094;
20.5417;
10.6789;
4.8967;
39.6297;
32.7994;
24.5426;
16.0911;
6.0985;
51.9691;
45.3786;
35.974;
26.4896;
16.9078;
7.17696;
46.6312;
38.5713;
29.3355;
20.0064;
10.1675;
2.90707;
3.68758;
42.6218;
38.1503;
28.4075;
18.5457;
8.58403;
44.8716;
36.5755;
28.1659;
18.6972;
8.79972;
46.6287;
37.8605;
28.9238;
19.7245;
9.87074;
48.2011;
39.8636;
31.2993;
21.417;
11.4753;
6.93262;
3.52756;
37.0838;
71.7604;
63.5812;
55.1955;
46.0829;
39.2786;
29.4199;
17.3488;
7.34417;
43.5979;
36.9479;
27.1505;
17.1637;
7.20134;
3.01153;
3.04311;
81.8965;
73.306;
64.2277;
54.6894;
44.8215;
36.7109;
26.8241;
16.8585;
7.18405;
3.19373;
47.4435;
38.9271;
29.0573;
15.6648;
5.70597;
2.85915;
3.39592;
3.37021;
38.511;
76.579;
66.6591;
56.6977;
49.1342;
40.2816;
30.477;
20.6867;
10.7754;
3.36517;
3.76594;
73.3066;
63.718;
56.1262;
46.5312;
37.0402;
28.9733;
19.6075;
9.6872;
3.20786;
4.27966;
3.58288;
38.3861;
31.2896;
22.3679;
12.6566;
3.67029;
3.62081;
3.33058;
41.5595;
35.9297;
23.4923;
14.6505;
7.77852;
3.26576;
45.2733;
37.8866;
29.0365;
19.3652;
9.35351;
2.99208;
3.36681;
38.6579;
36.0427;
26.1251;
16.2;
8.16523;
3.31564;
42.6294;
78.8257;
69.3216;
60.8336;
51.3034;
44.871;
35.2311;
25.2607;
15.3527;
5.28909;
3.26978;
41.0539;
31.692;
22.7208;
13.1026;
5.22466;
44.8894;
43.363;
33.4278;
23.6224;
13.965;
3.94512;
42.9382;
35.7121;
25.987;
16.1582;
6.2839;
48.0493;
39.6068;
29.614;
19.9775;
9.96773;
2.84928;
36.4947;
28.0184;
18.4628;
8.48885;
2.76994;
41.385;
79.395;