4.80772;
37.8696;
32.2952;
22.1483;
11.7308;
4.66569;
3.40233;
1.42656;
38.237;
30.3295;
20.8175;
11.0346;
2.76248;
2.46974;
39.1208;
31.2476;
21.9003;
11.9152;
2.37887;
34.7473;
26.1854;
16.5924;
6.82565;
2.45797;
4.07367;
1.51613;
39.3233;
31.8357;
22.3803;
12.6663;
3.34239;
1.93425;
38.3805;
31.5692;
22.8572;
12.9693;
3.01356;
1.75048;
2.01167;
35.7473;
28.9844;
19.19;
5.64975;
2.45999;
2.06868;
37.4868;
29.9104;
20.8754;
11.0883;
2.10084;
2.2049;
36.368;
27.3365;
18.2598;
8.32653;
2.36457;
1.96351;
33.8413;
27.4002;
17.9998;
8.01486;
1.88423;
1.90024;
42.3269;
34.1977;
24.5095;
14.6119;
4.65029;
2.35822;
2.30618;
37.0961;
30.2884;
20.4871;
10.5918;
2.01383;
2.07558;
38.0225;
28.8716;
19.4248;
9.87232;
3.98092;
3.71281;
3.70522;
1.37274;
34.969;
25.9053;
16.4145;
6.7179;
2.43693;
1.87637;
36.2807;
30.3304;
20.5848;
10.6861;
1.883;
2.49402;
1.45613;
35.6029;
27.1781;
18.8469;
8.98375;
1.44055;
1.79478;
36.2522;
29.6563;
20.0005;
9.99244;
1.94397;
1.99486;
38.7209;
30.823;
20.9458;
11.1144;
2.70513;
1.87419;
34.893;
27.7948;
18.1095;
8.21858;
1.44371;
1.93602;
37.4166;
29.2802;
19.6715;
10.0609;
1.46917;
2.16273;
37.3044;
28.8418;
19.2233;
9.41308;
2.30869;
2.31074;
1.99271;
37.8837;
29.039;
19.1703;
9.57413;
2.84526;
2.3249;
86.5857;
76.6865;
67.4802;
57.646;
47.9367;
38.2064;
28.3261;
18.3531;
8.35706;
2.10254;
68.6456;
58.8911;
49.6007;
41.1669;
31.3775;
21.3336;
11.3407;
2.21159;
1.99234;
1.95771;
37.4252;
30.7619;
21.457;
11.5441;
2.7987;
1.98912;
2.06465;
39.5632;
32.483;
22.5754;
12.6192;
2.08427;
2.03292;
2.30305;
2.09651;
36.4445;
27.4739;
18.639;
8.68544;
1.5658;
2.31372;
37.8353;
26.053;
16.5413;
6.76075;
2.12424;
2.06334;
2.28443;
1.81657;
33.7189;
27.949;
18.2036;
8.40479;
2.60655;
2.10399;
39.1789;
30.3979;
21.1733;
11.4621;
2.06951;
2.12322;
2.1967;
34.2418;
28.7953;
19.3328;
9.40325;
3.71157;
1.74199;
32.6822;
24.9188;
15.1507;
5.51736;
2.23143;
2.1563;
34.8753;
27.1469;
18.1979;
8.38743;
3.0491;
2.43305;
1.50531;
38.6276;
29.584;
17.1049;
7.13495;
2.045;
1.77824;
34.6869;
29.0863;
19.6159;
9.70346;
3.39419;
40.8302;
31.3918;
23.9281;
3.83168;
2.13071;
2.38693;
1.82147;
45.0677;
35.5938;
26.114;
12.8616;
3.23337;
3.2181;
1.45909;
38.1554;
30.5101;
20.9003;
11.0445;
2.29095;
1.69238;
40.7961;
32.3135;
22.5723;
12.9147;
4.06876;
2.2113;
36.953;
29.5966;
19.7115;
9.80914;
1.60809;
1.52881;
65.1112;
55.4855;
45.6707;
35.7073;
25.7008;
15.7235;
4.26789;
2.20971;
2.0512;
38.0364;
31.0153;
21.5911;
11.9818;
2.24629;
1.81523;
35.992;
28.6568;
18.9789;
9.15011;
1.82009;
2.29324;
2.15871;
2.12871;
38.0996;
29.638;
20.1042;
10.4673;
5.26556;
2.04749;
41.7622;
33.3602;
24.1569;
14.2626;
4.28121;
2.13999;
1.88698;
39.6762;
30.3163;
20.8739;
10.9582;
2.6281;
4.48107;
4.51299;
38.3842;
71.2384;
61.8401;
52.2469;
44.5317;
34.6465;
24.8171;
15.2154;
4.97809;
2.05737;
2.41192;
5.12623;
47.2071;
35.7732;
26.0564;
16.0867;
6.09164;
1.67959;
2.4805;
43.8632;
35.851;
26.1297;
17.6821;
7.70948;
1.47411;
35.4812;
25.9497;
16.0225;
6.06828;
2.06698;
1.73969;
1.81434;
37.874;
32.4501;
22.9084;
12.9382;
4.05931;
2.9965;
1.56097;
35.7349;
28.6933;
19.2368;
9.36052;
1.712;
1.68696;
36.5763;
31.1367;
21.4493;
11.7045;
2.49845;
4.32664;
3.85955;
4.45641;
3.7659;
3.61584;
3.41713;
1.36718;
35.1953;
26.1992;
16.9582;
7.22436;
2.1483;
1.82937;
36.6229;
30.4913;
20.5444;
10.9912;
2.91303;
1.47802;
38.7895;
28.526;
18.9655;
9.60575;
1.37947;
2.07736;
38.9056;
29.9373;
20.7147;
10.8406;
1.52387;
1.97348;
1.70057;
33.3836;
26.7539;
17.0214;
6.99767;
3.30155;
4.49361;
3.69718;
4.49357;
2.1213;
36.1883;
30.9503;
21.1787;
11.2609;
2.5878;
1.62636;
37.9685;
31.9715;
22.0142;
12.3856;
3.58098;
1.68965;
35.8337;
28.6079;
19.0533;
9.11776;
3.6915;
2.05097;
2.00901;
38.4878;
29.5134;
20.2352;
7.88733;
1.92706;
2.10605;
36.4061;
29.7317;
20.2506;
10.3079;
2.26294;
2.05907;
2.34913;
2.30174;
36.798;
28.2041;
19.4008;
9.45863;
1.61533;
2.29131;
2.32672;
1.75674;
36.8645;
28.3238;
18.7619;
8.8206;
1.7374;
2.81037;
2.4098;
38.2207;
30.9358;
23.9824;
14.4892;
5.04421;
1.7619;
2.15004;
38.2087;
30.5326;
22.2397;
8.61185;
1.48402;
1.8496;
1.39891;
37.4117;
28.4574;
19.3088;
9.61532;
1.43634;
1.61157;
33.8669;
29.6689;
19.8795;
9.93481;
3.09418;
2.10203;
1.45113;
34.6015;
25.6307;
16.5408;
6.71436;
1.7471;
2.02018;
34.6718;
29.794;
20.0268;
7.24435;
1.5894;
36.1523;
28.1235;
18.5177;
8.99582;
2.28201;
2.11736;
36.9196;
30.1509;
20.8098;
10.8957;
4.23542;
1.83097;
2.07982;
2.13327;
38.0905;
29.0726;
19.9424;
10.2048;
1.562;
3.19366;
2.25974;
39.9905;
34.2545;
24.4992;
14.5527;
7.38182;
1.81024;
2.97074;
2.53238;
2.30069;
2.74245;
35.0598;
26.1291;
17.0964;
7.14401;
2.21552;
1.85699;
36.2966;
30.4487;
22.7652;
10.771;
2.23402;
2.26161;
1.85456;
37.295;
28.9384;
19.7756;
9.86353;
2.37648;
2.10245;
36.913;
29.4097;
19.5328;
9.99837;
2.42995;
2.18502;
2.03777;
38.8258;
30.8871;
21.6495;
12.1518;
2.73762;
2.13029;
1.89555;
2.09132;
34.4519;
32.401;
22.9083;
13.3401;
4.10791;
2.09565;
36.6132;
30.3922;
18.5019;
8.53956;
1.803;
1.80506;
2.16652;
34.5448;
29.0007;
19.0652;
9.07003;
1.79483;
3.05483;
2.90434;
2.70418;
2.73252;
2.85889;
2.90141;
2.98236;
1.58802;
36.1017;
27.2803;
17.9845;
8.33221;
4.11207;
1.69165;
2.11482;
2.02312;
36.3272;
31.5789;
18.362;
8.73366;
3.0547;
2.16615;
39.5448;
32.9575;
22.1707;
12.2057;
7.85471;
2.38416;
2.0716;
38.4555;
29.8799;
20.5936;
10.7172;
2.59307;
2.24355;
38.2913;
29.969;
20.7785;
7.5526;
2.66195;
40.5733;
31.5202;
22.2375;
12.8085;
3.08088;
2.08932;
1.73297;
35.7623;
29.4996;
20.023;
10.1047;
2.83988;
4.5067;
4.28622;
4.03625;
1.3907;
35.5834;
26.5712;
17.6096;
7.62385;
1.97479;
1.60677;
36.5484;
30.445;
22.1255;
12.2303;
3.74154;
1.79665;
42.1783;
34.5064;
24.7605;
14.8164;
4.82045;
1.63614;
2.17535;
37.2907;
31.2786;
21.9827;
12.3915;
4.52062;
1.54131;
40.3156;
34.6868;
24.8725;
14.9338;
2.81713;
1.93343;
39.7094;
32.8581;
23.4513;
13.5531;
4.06257;
2.22926;
2.14021;
1.87;
35.7432;
28.8238;
19.458;
9.53721;
1.86168;
2.11952;
2.15363;
38.009;
32.0134;
22.2413;
12.3362;
5.59524;
1.89192;
3.1917;
39.5883;
30.5698;
21.3045;
11.5556;
2.17959;
2.02528;
2.15082;
34.4204;
29.1489;
19.5505;
14.2141;
4.52536;
1.61569;
1.6552;
41.3303;
33.0395;
24.9034;
15.026;
4.97018;
2.3464;
2.07185;
42.8706;
33.9583;
24.1446;
14.201;
4.25713;
2.03792;
1.52361;
36.5134;
27.3789;
18.2949;
8.34129;
1.89092;
1.83848;
36.8946;
31.5705;
21.5066;
11.4908;
2.82469;
1.56499;
39.2443;
32.0098;
23.1132;
12.9215;
3.64047;
2.33106;
1.89257;
40.7307;
35.2385;
23.8256;
13.8488;
6.72492;
1.99283;
2.39393;
41.4298;
31.5295;
21.7775;
11.8006;
3.48822;
3.10989;
2.01794;
2.15559;
36.1924;
29.282;
19.5015;
9.70605;
1.58041;
3.24232;
37.6286;
29.4223;
19.7202;
9.77638;
2.19294;
1.58164;
62.3664;
53.2499;
43.8918;
33.9461;
23.9345;
13.9297;
3.93023;
1.8629;
1.52495;
39.0833;
34.3305;
24.4501;
14.4065;
5.26959;
1.63913;
1.80321;
35.1112;
27.7042;
17.9222;
7.99611;
1.76202;
2.0303;
39.5482;
32.5621;
23.8206;
14.0149;
4.13232;
1.60176;
1.47368;
34.2578;
28.9996;
19.1017;
9.10927;
2.3425;
1.93943;
1.60645;
1.46692;
39.042;
30.2102;
21.037;
11.3213;
1.69938;
1.85512;
2.06681;
1.85043;
37.5925;
31.0457;
21.3273;
11.398;
4.03801;
2.13105;
37.0015;
31.1049;
21.1684;
11.2149;
2.05269;
1.58806;
36.6056;
27.6134;
18.8397;
8.91529;
1.63963;
1.93517;
64.0066;
54.8345;
45.6846;
35.8193;
25.9695;
16.0207;
5.99043;
1.79571;
1.71671;
37.397;
30.2215;
21.0102;
11.2592;
2.37423;
1.43107;
37.5947;
31.4636;
21.671;
11.7193;
3.32832;
1.88006;
1.45713;
38.8664;
30.8854;
22.044;
11.1056;
1.98594;
1.95388;
33.6993;
24.681;
15.5144;
5.7578;
2.02391;
2.04361;
1.77788;
36.9673;
30.5484;
20.7446;
11.1581;
2.7503;
2.07256;
2.1456;
2.09608;
37.9112;
30.1737;
17.4954;
7.52227;
2.77482;
3.21632;
3.03461;
3.51773;
3.58858;
3.36751;
2.9616;
3.76895;
3.32068;
39.4129;
33.3002;
23.7708;
13.9621;
6.66489;
2.48739;
1.70925;
1.67298;
35.2106;
29.2789;
19.3941;
9.45931;
1.88277;
4.34801;
38.8771;
31.0997;
23.0047;
13.0792;
3.3201;
1.82571;
38.0747;
29.9913;
21.0236;
11.3157;
3.00945;
2.31765;
1.53087;
38.8079;
66.6853;
57.1196;
47.439;
37.8498;
24.9276;
15.1629;
5.30907;
79.4834;
2.11351;
2.12196;
1.90406;
38.0876;
30.8496;
21.0597;
11.122;
2.13832;
1.89778;
34.4025;
26.4334;
16.6087;
6.6933;
2.83957;
2.92857;
1.70748;
35.8389;
30.0423;
20.7111;
11.0305;
3.45283;
3.67963;
38.5778;
32.0198;
23.118;
13.1451;
3.90201;
3.75965;
3.04562;
3.20535;
3.41208;
2.66269;
3.51233;
3.17069;
40.3979;
34.6092;
24.7575;
14.8773;
5.92477;
2.66672;
3.06222;
3.19213;
2.46177;
2.358;
2.87608;
2.71675;
2.42064;
2.45313;
2.26384;
2.61288;
2.37295;
2.45308;
2.2917;
2.17369;
37.4949;
28.5201;
19.3403;
9.53298;
5.10443;
1.81852;
1.75621;
2.0074;
43.7674;
35.6331;
26.2192;
16.8176;
6.58766;
2.20272;
36.6226;
27.4461;
18.4104;
8.6668;
1.95553;
2.17578;
1.99839;
48.4292;
39.2342;
29.3856;
19.4168;
9.46607;
2.36338;
2.70078;
3.1263;
1.78563;
43.1308;
35.2495;
25.5243;
15.6645;
5.66692;
1.583;
1.65091;
36.2833;
28.8971;
19.5835;
9.59515;
1.64528;
1.94016;
31.272;
24.5839;
15.1742;
5.26378;
3.40634;
2.12491;
37.5019;
32.9477;
23.7895;
13.8812;
6.41448;
1.88647;
1.87974;
37.7782;
29.2149;
19.5543;
9.63314;
1.49426;
1.75805;
58.9611;
49.4229;
39.7904;
27.6687;
17.712;
7.78486;
3.99441;
2.41536;
4.35823;
1.86686;
40.2554;
33.9239;
24.2175;
14.2124;
5.18353;
3.72731;
4.65361;
36.485;
30.7932;
21.2892;
11.4486;
3.92547;
3.72004;
42.5593;
33.3858;
23.8205;
13.9122;
3.90141;
3.81803;
56.1989;
46.8639;
36.9071;
26.9148;
16.9488;
7.00491;
78.2606;
68.3381;
2.21528;
4.47687;
3.68002;
42.6668;
33.4298;
24.0007;
14.2278;
3.86551;
2.5652;
36.8737;
26.0463;
16.3161;
6.47893;
1.87724;
1.51458;
1.86369;
37.2083;
31.9145;
22.057;
12.0712;
2.67403;
1.56259;
41.4172;
33.0974;
23.4768;
13.9727;
4.0586;
2.17483;
1.80285;
35.5543;
28.6258;
18.9345;
9.18532;
3.41004;
2.2572;
2.00387;
42.9446;
33.951;
25.8961;
16.3158;
6.61358;
2.24011;
2.12652;
40.0019;
33.137;
23.4097;
13.8931;
5.32018;
2.02396;
2.08335;
35.0625;
29.3;
19.5287;
9.4676;
1.91674;
2.07648;
36.5471;
28.4771;
18.5077;
8.50301;
1.80524;
1.92437;
41.3997;
33.1354;
23.7116;
13.7651;
4.43204;
1.81856;
2.02548;
1.90232;
35.7078;
29.6727;
21.4172;
12.4021;
3.42387;
2.08643;
1.818;
48.8874;
39.0964;
29.0711;
19.1036;
9.08706;
2.42914;
1.88076;
2.50298;
1.60704;
38.454;
32.8906;
23.3817;
13.4084;
5.04531;
2.14522;
2.28724;
1.95448;
37.6509;
27.5092;
18.043;
8.13763;
1.76933;
2.1952;
1.79957;
40.3758;
32.232;
24.5623;
14.694;
5.04551;
4.44916;
1.52254;
36.3767;
27.4162;
18.293;
8.4356;
1.76452;
2.12173;
36.3432;
27.9171;
18.101;
8.12381;
1.87458;
5.07411;
4.43051;
4.23906;
4.6073;
4.35488;
4.00932;
4.41217;
4.34595;
1.94371;
35.8381;
28.5916;
20.2127;
10.886;
2.24393;
1.60751;
1.7467;
39.9778;
31.0495;
21.6811;
12.1127;
2.40171;
1.66593;
34.7037;
29.5877;
19.975;
10.243;
3.65925;
1.63274;
39.7729;
31.5402;
22.156;
13.8007;
3.83817;
2.10241;
1.91654;
2.04678;
38.5172;
32.5135;
24.8549;
15.0835;
5.64541;
2.23872;
2.57241;
2.55941;
2.12623;
2.42954;
2.56927;
1.71394;
36.3736;
30.0795;
20.7572;
10.8229;
2.55423;
1.76737;
37.9296;
29.0507;
19.9813;
10.0902;
2.95863;
2.63712;
36.8905;
27.9738;
18.7534;
8.94657;
1.646;
1.58588;
34.9739;
28.1555;
19.8998;
11.3743;
2.86509;
3.16526;
3.2702;
44.2814;
28.2959;
18.1948;
8.22898;
38.7997;
2.55633;
2.79209;
3.64946;
3.57332;
3.70122;
3.47959;
3.64301;
3.30274;
40.1645;
73.0782;
64.6489;
45.6466;
36.2666;
26.4301;
16.4924;
6.51774;
57.023;
5.4562;
3.0527;
3.06469;
2.51638;
1.77695;
52.0114;
42.6939;
32.7748;
22.7779;
12.7999;
2.78081;
94.966;
85.6209;
76.3122;
66.842;
2.89048;
2.86682;
2.24533;
2.07136;
1.94874;
35.6816;
30.9518;
22.4522;
12.8765;
3.58883;
2.60103;
37.8377;
31.7884;
21.9655;
11.9442;
2.05866;
1.42242;
33.8732;
26.9988;
17.5815;
7.77692;
3.2604;
1.5678;
1.86987;
35.2406;
27.9537;
18.5582;
8.75193;
1.5084;
1.58023;
37.4189;
21.2164;
11.6015;
31.9082;
2.72427;
1.76111;
1.75869;
37.3389;
21.3862;
11.8181;
32.7674;
4.99313;
1.6877;
1.41594;
32.9981;
23.2586;
13.3311;
3.27803;
54.4828;
45.4293;
1.55279;
1.53416;
35.6089;
29.5305;
19.8963;
9.86853;
1.67951;
36.5105;
28.2253;
19.2409;
9.26575;
1.47116;
1.75378;
1.98541;
46.1265;
5.98405;
38.6748;
28.8166;
19.7532;
2.31999;
2.03149;
2.165;
1.75192;
34.1818;
27.7872;
17.8866;
7.99407;
1.77883;
2.58048;
37.6944;
29.4961;
20.4456;
10.4446;
1.45857;
2.06578;
1.63511;
35.0739;
30.2458;
20.6174;
10.9039;
5.45031;
1.63583;
1.67624;
63.763;
54.3015;
45.8663;
36.6051;
27.5813;
18.5089;
2.155;
1.31219;
34.9176;
26.6761;
17.3433;
7.36771;
5.02708;
1.54986;
1.90169;
43.3439;
4.00319;
38.4474;
28.8009;
19.5368;
2.42431;
1.77772;
1.83305;
6.33129;
47.6889;
40.4691;
31.1091;
21.4821;
3.16853;
1.85032;
9.76093;
41.0038;
31.2975;
24.0473;
4.02296;
1.46053;
42.3999;
16.1374;
6.39909;
38.1756;
28.5361;
2.14414;
2.13187;
38.1495;
33.8089;
24.0721;
14.3851;
4.8306;
1.88523;
2.00622;
38.4116;
30.8939;
21.2435;
11.503;
3.06911;
5.12191;
4.89029;
1.83173;
48.597;
20.2567;
11.261;
45.5577;
36.0812;
4.80919;
3.3717;
3.37127;
3.02429;
3.37026;
3.31076;
2.07479;
36.4445;
35.4956;
25.5901;
15.6809;
7.66744;
3.5212;
2.76685;
1.91804;
39.2887;
35.778;
26.3565;
16.3858;
10.6471;
2.5412;
1.89797;
39.7449;
30.8217;
21.6298;
11.9492;
3.38245;
2.53015;
37.7111;
28.5523;
18.6443;
8.66028;
2.7352;
3.03798;
2.06517;
34.3412;
27.026;
17.1429;
7.30724;
1.93098;
4.39376;
2.7384;
3.03483;
3.24908;
3.34946;
43.2133;
34.8865;
26.4637;
17.3928;
5.11763;
3.90814;
1.87218;
39.711;
31.3749;
22.9638;
14.2111;
4.88601;
3.10282;
2.03208;
34.7691;
35.2036;
25.8289;
16.7466;
8.64214;
2.56872;
1.78354;
1.50604;
36.3142;
27.9691;
19.4511;
10.2842;
1.68275;
1.65395;
2.11207;
3.11392;
3.49999;
2.93795;
3.00013;
1.91768;
38.7288;
26.6504;
18.0965;
8.96377;
2.55367;
2.92038;
1.6128;
37.4875;
38.9502;
29.3924;
20.3496;
14.2176;
4.24767;
3.70818;
2.66793;
35.3028;
29.0483;
20.763;
11.7335;
3.02813;
2.9729;
3.0477;
3.24497;
3.06102;
2.60583;
2.94043;
3.39684;
2.65804;
37.5047;
28.174;
19.7978;
10.8677;
2.3715;
2.6942;
3.10537;
1.81198;
41.2952;
35.7782;
29.6204;
21.0548;
13.2329;
4.5266;
1.93955;
1.62598;
37.9147;
29.7626;
24.1481;
14.2822;
2.31703;
2.70766;
3.51183;
3.39136;
2.99114;
2.88242;
2.83532;
2.076;
34.8904;
31.7658;
25.55;
15.5791;
7.09701;
3.28816;
3.57412;
4.02648;
3.58739;
4.03109;
2.5532;
2.8547;
2.9758;
2.99961;
3.10295;
2.6266;
5.72583;
2.43376;
1.64708;
1.6267;
36.7499;
24.6857;
15.7556;
6.06613;
1.73562;
2.78297;
2.76292;
2.94772;
5.87714;
3.26455;
2.8245;
3.31794;
2.8736;
2.59309;
41.0061;
40.9399;
31.6695;
21.7802;
12.4628;
3.90805;
3.00195;
3.2782;
3.43506;
3.11333;
2.13517;
91.3875;
82.3477;
72.4773;
62.7253;
52.9194;
43.1278;
23.1174;
13.1656;
35.44;
13.2019;
4.93693;
2.98629;
2.88148;
2.64742;
2.50084;
2.66475;
2.7989;
3.20016;
2.79687;
2.75111;
2.74465;
3.1819;
38.9548;
30.8175;
22.575;
14.2093;
4.76136;
2.29597;
3.83298;
48.4686;
38.4866;
28.532;
18.5746;
8.61538;
3.40146;
2.3633;
2.3508;
38.3449;
39.3058;
29.4549;
19.4929;
9.39201;
2.42462;
3.06035;
3.45426;
1.76785;
38.2428;
32.5316;
22.8281;
13.6564;
4.93905;
3.44108;
3.10577;
2.27582;
36.9418;
34.5399;
24.5018;
14.4869;
6.92057;
3.28619;
3.03372;
3.29312;
2.83723;
2.66151;
3.08916;
3.52635;
2.57876;
2.74687;
2.60577;
3.05555;
2.56991;
2.83356;
2.90572;
2.53624;
2.99098;
2.98759;
3.07734;
2.99038;
1.90522;
37.2057;
31.0284;
22.79;
14.6669;
9.05565;
2.81934;
3.12247;
2.77361;
3.31689;
2.77379;
3.09919;
2.89536;
3.10342;
4.14087;
3.09234;
3.47369;
2.91391;
3.3625;
3.21708;
3.27238;
2.91639;
2.68393;
2.82922;
2.08004;
37.455;
29.5114;
19.6024;
9.59141;
2.69049;
3.10062;
3.24475;
3.13269;
2.95976;
3.08058;
2.53082;
2.66379;
2.70466;
2.62273;
3.2498;
2.85738;
2.90448;
3.03137;
2.83345;
3.10934;
2.70014;
2.68086;
2.17738;
2.69019;
2.4513;
3.34501;
3.12292;
3.0718;
5.98923;
3.22545;
3.37468;
2.66591;
3.07848;
2.59035;
3.27607;
3.40986;
2.99276;
2.37919;
3.19393;
2.98444;
3.14179;
3.28901;
3.44042;
3.54242;
3.19142;
2.63926;
3.11218;
4.15028;
3.79682;
3.29969;
2.69902;
3.1011;
2.63265;
5.1155;
3.88005;
2.53579;
3.01519;
2.53557;
3.70625;
2.34627;
5.91335;
3.20687;
2.79687;
2.67746;
2.41053;
3.30676;
2.82052;
2.50967;
2.60007;
2.57919;
2.31562;
2.30328;
2.62007;
2.55162;
2.23944;
3.45278;
2.32177;
2.18946;
2.39693;
2.16096;
2.36119;
2.0643;
2.33833;
1.87184;
2.68027;
2.40178;
2.1252;
1.8096;
2.06286;
1.64086;
1.70218;
2.15225;
1.65145;
1.85841;
1.47855;
2.4547;
2.4308;
2.2672;
2.64195;
1.1689;
1.88831;
2.38173;
2.39999;
2.74225;
2.48033;
2.51449;
2.37271;
2.23891;
2.52124;
2.37177;
2.40231;
2.32411;
2.24183;
2.94035;
3.09328;
2.7224;
2.7594;
2.69673;
4.04832;
2.83558;
5.09045;
2.50397;
3.38713;
2.85004;
3.04678;
2.79556;
3.16169;
2.94585;
3.16244;
2.3713;
2.28394;
2.57505;
2.9152;
2.15625;
3.36707;
2.68795;
2.75237;
3.17828;
2.68472;
3.07155;
2.73149;
2.73333;
2.26075;
2.82227;
2.82867;
2.31486;
2.93656;
5.32095;
2.90542;
2.25671;
2.46418;
2.77507;
2.70018;
2.85819;
3.60527;
2.86402;
2.30619;
2.2529;
1.881;
2.02969;
3.97058;
1.96425;
2.61527;
2.10191;
2.29222;
2.26485;
2.08613;
1.66097;
1.53359;
2.0615;
1.98472;
1.67348;
2.3895;
1.96778;
1.98123;
2.52924;
1.53899;
2.36644;
2.61029;
2.14024;
2.44753;
2.01946;
2.21212;
1.6746;
1.79309;
2.01367;
1.51477;
1.7509;
1.70101;
1.96039;
1.69788;
2.87688;
2.34272;
2.77108;
2.33761;
1.95158;
2.55949;
2.80369;
2.49785;
2.23547;
1.99925;
1.56623;
2.87022;
2.26851;
2.83411;
2.03981;
3.79366;
2.30431;
2.88099;
2.32599;
2.18313;
2.0421;
1.62042;
2.25244;
2.54384;
3.11865;
2.61338;
2.53022;
3.04004;
2.17073;
2.23241;
2.59066;
2.08336;
2.52158;
2.7948;
3.09836;
2.55252;
1.95798;
2.0193;
1.97355;
1.88082;
1.94931;
2.04475;
2.41625;
2.57185;
2.2042;
2.40263;
2.43097;
2.56248;
2.04611;
3.31678;
2.50155;
2.23832;
2.28889;
2.52305;
3.02358;
2.27936;
2.28185;
2.56057;
3.11219;
2.57142;
1.97652;
2.29535;
2.07719;
2.30997;
2.3792;
2.01741;
2.84662;
2.71587;
2.59423;
2.27552;
2.21941;
1.76045;
3.79616;
2.23927;
2.56165;
2.68756;
2.11326;
2.81671;
2.54645;
2.50656;
2.6443;
2.57645;
1.87473;
2.6248;
2.39434;
3.00335;
2.51843;
2.89446;
3.0396;
2.98988;
2.57154;
2.50876;
2.5921;
3.81653;
4.88661;
2.83361;
3.03886;
1.90754;
2.20412;
2.3364;
2.19596;
2.35013;
2.46925;
2.7482;
2.58848;
2.7238;
54.522;
45.8051;
36.4855;
25.6105;
16.1099;
10.8677;
3.12518;
2.77398;
3.07967;
2.56008;
2.76419;
3.05357;
2.63426;
2.87015;
2.53025;
6.64709;
2.91241;
3.23377;
2.80776;
2.48411;
3.01542;
3.45304;
3.28642;
2.50433;
2.6602;
2.44373;
2.9372;
2.49062;
2.51071;
2.22509;
2.8011;
2.90327;
2.49549;
2.47713;
2.2843;
2.47992;
2.58035;
2.43886;
2.21191;
2.0648;
2.40698;
2.063;
4.2683;
1.93467;
2.30525;
2.53223;
2.13927;
2.29402;
4.09422;
3.64544;
3.92067;
3.72402;
3.81156;
4.05169;
3.96943;
4.47572;
2.85954;
39.8954;
31.7941;
21.8732;
12.7837;
3.62678;
3.0423;
2.83813;
3.43557;
3.29756;
6.77498;
3.40035;
2.7688;
3.55257;
3.09397;
3.40373;
3.34345;
3.01811;
3.19173;
3.37124;
2.9165;
3.78126;
41.004;
35.0033;
26.2979;
17.3937;
7.43963;
2.53147;
2.61715;
2.22733;
2.12331;
2.39655;
2.52132;
2.57361;
2.22844;
2.00819;
2.62814;
2.52397;
2.09541;
2.48628;
1.92772;
1.99776;
2.74464;
2.22027;
2.321;
2.07932;
2.48652;
2.60024;
2.47832;
1.86581;
2.22608;
2.75196;
2.62387;
2.29546;
2.32305;
2.86641;
2.98703;
3.86956;
2.82297;
3.10439;
2.90789;
2.85951;
2.84769;
4.51779;
2.58738;
3.28032;
2.56908;
2.9974;
2.48109;
3.12087;
2.64771;
2.15836;
2.95861;
3.56694;
3.74152;
2.80606;
2.03823;
2.96002;
2.80971;
3.99428;
2.25382;
2.55585;
2.405;
2.42104;
1.71808;
2.34721;
4.49184;
1.9426;
2.43477;
1.65891;
2.35164;
1.74534;
1.88921;
1.82816;
1.63804;
1.64988;
1.68544;
2.50476;
2.10333;
2.53155;
1.98943;
2.19776;
2.35041;
2.5651;
2.68997;
3.12938;
2.94097;
2.31539;
2.84034;
2.86808;
2.63643;
2.29845;
2.9104;
2.83084;
2.56387;
2.51962;
2.64298;
2.28999;
2.62531;
2.18565;
1.93131;
4.12349;
3.46358;
3.84106;
3.67231;
3.34371;
2.24288;
2.47161;
2.35922;
2.32206;
2.28364;
2.96498;
2.32945;
2.24424;
2.23469;
2.43784;
2.96731;
2.27228;
2.39807;
2.26652;
2.5685;
2.02668;
2.53266;
1.87599;
2.61302;
1.53662;
2.04133;
2.74648;
1.797;
1.89144;
1.81748;
1.64848;
1.76009;
2.72818;
2.45019;
2.50708;
2.11003;
2.41885;
1.73715;
2.31324;
2.49314;
2.59671;
2.09505;
2.26004;
2.77005;
2.85367;
3.95847;
3.34444;
2.74955;
2.63976;
2.53307;
2.89319;
3.80007;
3.52532;
2.68421;
2.57708;
2.81224;
2.57516;
2.73765;
4.29323;
2.26566;
3.79176;
37.9995;
30.9879;
21.403;
12.5893;
5.25623;
3.32268;
2.96534;
2.6948;
3.04331;
2.8154;
3.13509;
2.77118;
3.41738;
3.0727;
2.87104;
3.06791;
3.15722;
2.72646;
2.93367;
2.81172;
2.88567;
3.04627;
2.82893;
3.08496;
2.88978;
2.77735;
2.4808;
2.25954;
2.62188;
2.85828;
2.98734;
2.72119;
3.39345;
2.70549;
2.83187;
2.67555;
2.63872;
2.27689;
3.01924;
2.85684;
2.76782;
2.95515;
2.51828;
2.55385;
2.54844;
2.31377;
2.10599;
3.06831;
2.82563;
2.94897;
2.84161;
2.45855;
2.67748;
2.66971;
2.36328;
1.95408;
2.38234;
2.70931;
3.01973;
2.58165;
2.50339;
2.80667;
2.83235;
2.52859;
2.69206;
2.63736;
2.86899;
2.80267;
2.62938;
2.58342;
2.19158;
2.25456;
2.13173;
2.04351;
2.20872;
1.92032;
2.06349;
1.95406;
2.09718;
2.08247;
1.73974;
1.88353;
1.91921;
1.61203;
2.28251;
2.44449;
2.02821;
2.16568;
2.40849;
2.40409;
2.73747;
2.09854;
2.00471;
2.56762;
1.78338;
2.08559;
1.95791;
2.05423;
2.60038;
2.06478;
1.48218;
1.84522;
2.132;
2.02411;
2.05216;
2.28675;
2.30696;
2.22946;
2.60701;
3.01312;
2.52348;
2.96427;
2.81405;
2.99518;
2.85411;
3.44608;
2.56623;
2.87526;
2.83468;
2.83795;
2.82985;
4.32601;
2.94378;
2.87741;
2.76763;
2.92351;
2.50429;
2.79918;
3.39214;
4.70441;
4.43876;
4.67217;
4.32269;
2.76948;
2.54282;
2.78647;
2.71411;
4.74825;
4.31125;
4.04697;
4.92926;
4.92945;
3.00588;
2.79298;
2.81759;
2.83804;
5.49428;
2.75248;
2.77747;
2.72712;
3.03534;
2.69432;
2.63642;
4.86787;
4.26938;
2.13632;
2.43697;
2.10751;
2.78054;
2.64651;
2.96;
2.50724;
4.40697;
46.6353;
40.8044;
32.9004;
23.0521;
13.1216;
7.00998;
2.60763;
2.68089;
3.12423;
2.89914;
2.83001;
3.02634;
6.22689;
2.32487;
2.32615;
2.6975;
2.45695;
3.1922;
2.58239;
3.30685;
3.05736;
6.31149;
2.38311;
2.69489;
2.22348;
2.00922;
2.17988;
1.74576;
1.82339;
2.32562;
2.04558;
2.06955;
4.10222;
2.05551;
1.56254;
1.69097;
1.8309;
1.68741;
1.56163;
2.00809;
2.0046;
1.58458;
2.23513;
2.5945;
2.35265;
2.31983;
2.24897;
2.49407;
2.34552;
2.474;
2.24018;
2.37813;
1.90154;
2.22508;
2.00304;
2.80001;
2.35111;
2.46385;
2.38211;
2.25134;
2.08492;
2.16921;
2.28257;
2.52141;
2.1303;
2.28443;
2.26976;
1.92837;
3.17378;
3.27023;
3.48566;
3.08665;
3.27025;
2.95699;
3.30018;
3.22209;
3.22625;
4.26698;
3.44201;
4.08439;
3.25595;
2.92373;
2.29682;
2.19019;
2.28846;
2.51421;
2.9896;
3.66463;
2.60155;
2.52168;
2.74724;
2.50451;
2.36463;
2.48923;
2.51677;
2.65164;
2.31447;
2.44915;
2.3948;
2.12789;
2.06079;
2.46939;
2.08655;
2.35419;
2.25762;
2.30484;
2.50019;
1.97801;
1.80562;
3.00614;
2.25144;
2.50876;
2.24164;
2.46487;
2.31746;
2.1045;
2.2706;
4.41931;
4.49791;
2.45436;
2.35139;
2.02259;
2.20895;
2.47993;
2.69666;
4.87143;
2.59797;
2.61577;
2.14485;
2.99524;
2.71064;
2.41828;
4.58806;
4.98746;
5.50118;
4.65354;
4.69574;
2.58393;
2.57199;
2.71074;
2.65399;
45.7708;
37.6039;
30.6455;
22.3145;
12.7029;
5.0083;
2.53332;
2.34722;
2.27208;
2.71655;
2.80527;
2.88786;
2.93805;
6.63174;
2.11059;
2.44941;
2.01029;
2.13621;
2.1766;
3.51347;
3.01937;
2.81709;
4.0106;
39.6589;
35.54;
30.6999;
21.1499;
11.5888;
3.5201;
2.85535;
2.58592;
2.76851;
2.3936;
5.52398;
2.73954;
3.40649;
3.03646;
3.08337;
2.99547;
2.44159;
2.62478;
3.24004;
2.66335;
2.91226;
2.79088;
4.93586;
2.61014;
2.44747;
2.81347;
3.07376;
2.62686;
3.13799;
2.528;
3.21284;
2.33845;
2.85187;
2.6858;
2.77405;
2.61606;
2.36886;
1.99466;
2.28066;
2.02398;
2.44022;
2.22827;
2.42534;
2.54977;
2.57261;
2.5673;
2.33973;
3.25751;
2.37518;
1.88593;
1.92858;
1.82067;
2.22943;
1.54164;
1.76015;
2.16994;
2.51897;
2.33311;
1.55284;
1.81814;
1.56241;
1.56791;
1.49074;
1.56832;
1.40648;
2.65209;
2.00559;
2.48409;
3.63324;
1.92327;
2.33118;
2.0959;
2.48964;
2.16073;
2.18512;
2.25953;
2.06455;
2.25877;
2.61037;
2.46373;
2.41969;
2.37618;
2.2861;
2.80476;
2.63562;
1.96455;
2.16374;
2.37514;
1.71133;
3.05652;
3.86257;
2.492;
2.70824;
2.50696;
3.11092;
52.1884;
45.4072;
36.1413;
26.8483;
17.2595;
9.12547;
2.36713;
2.97947;
2.6551;
3.35474;
2.8342;
3.60946;
2.88578;
3.21812;
2.79936;
5.37964;
2.29125;
2.64027;
2.155;
2.2493;
2.63565;
3.01802;
2.90012;
2.81572;
6.56128;
2.79158;
2.93863;
2.22532;
2.85716;
2.56059;
3.18499;
3.03285;
2.19564;
2.73711;
2.93169;
2.26155;
2.96293;
4.17893;
4.12094;
3.18717;
2.65601;
3.37191;
2.76411;
3.17348;
2.82755;
3.26002;
2.71809;
5.21882;
3.20216;
2.75087;
2.82889;
2.49424;
2.09995;
2.51472;
2.0413;
2.23638;
2.45401;
2.24584;
2.96377;
2.54139;
2.19901;
2.80017;
2.24199;
2.33764;
2.2815;
2.04354;
3.29961;
3.31132;
3.08719;
2.98392;
1.97571;
2.36275;
1.98181;
2.513;
1.68578;
3.07157;
3.11726;
1.95097;
2.27504;
1.86068;
1.56564;
2.00418;
1.68604;
1.94247;
2.43949;
2.24841;
2.51938;
2.17949;
2.71956;
2.17053;
2.32063;
2.55099;
2.43308;
2.41849;
2.13071;
2.53609;
2.80581;
2.57091;
2.73004;
2.68259;
2.45713;
2.50393;
2.62888;
5.64135;
2.43414;
2.4227;
2.60071;
2.33794;
2.41249;
2.20316;
2.57103;
2.09844;
2.67706;
2.41898;
2.31285;
2.55934;
2.92891;
2.91966;
2.96698;
2.79039;
2.60032;
2.34243;
2.69478;
2.56455;
2.22119;
2.22584;
2.21927;
2.37658;
2.30678;
1.96305;
2.55531;
2.22885;
2.38504;
2.67188;
2.61566;
2.20334;
2.36727;
2.22934;
2.19146;
2.01418;
2.36042;
2.49056;
2.00221;
1.86461;
2.20335;
1.50217;
2.98262;
2.2734;
2.235;
2.34817;
2.43998;
2.30624;
1.89208;
1.89237;
2.1387;
2.22139;
2.62682;
2.41097;
2.28094;
1.62671;
2.62422;
2.65388;
2.25418;
2.46497;
2.24886;
2.36446;
2.74414;
2.16034;
2.90021;
2.93502;
2.73487;
2.96349;
3.02814;
4.11211;
2.9542;
2.99211;
2.81176;
2.56851;
2.33648;
2.79711;
2.64244;
6.25537;
2.57709;
3.21198;
2.67138;
3.1554;
3.45665;
40.5557;
36.0439;
28.5058;
18.5793;
9.99921;
4.31763;
3.87591;
2.74733;
2.85589;
2.87165;
2.87071;
2.74298;
2.05807;
2.65733;
3.35625;
2.84537;
3.27204;
2.97405;
2.78452;
4.44358;
2.88627;
3.11497;
2.6144;
3.20137;
4.21981;
4.03953;
1.89572;
1.67312;
1.7044;
1.97084;
2.38728;
2.3012;
2.43733;
2.1217;
1.60175;
1.46595;
1.61718;
1.8701;
1.51889;
1.64113;
2.27747;
2.45546;
2.48833;
2.11805;
2.30859;
3.92737;
1.64995;
2.45492;
2.08973;
2.54151;
2.76165;
2.77477;
2.32233;
2.35661;
2.22333;
2.16645;
2.24787;
1.9788;
1.99939;
2.41871;
2.44327;
2.4206;
2.79794;
2.4766;
3.01254;
3.2463;
2.02902;
2.62419;
2.1289;
2.98469;
2.59929;
2.89046;
2.58173;
2.78849;
3.03878;
3.42087;
2.76311;
3.40823;
3.45367;
3.43746;
3.42974;
3.32237;
2.49379;
2.69087;
3.04151;
2.3122;
3.78729;
3.33138;
3.02106;
2.61606;
3.38527;
2.70817;
3.05987;
3.13916;
4.64069;
4.69146;
5.00425;
4.12397;
5.35892;
2.72016;
2.26967;
2.44006;
2.78313;
3.60257;
2.60351;
2.00117;
2.1433;
2.29613;
2.15561;
3.41581;
3.39549;
3.71839;
3.41632;
4.04105;
1.99707;
2.69269;
1.94115;
2.41895;
3.48912;
2.08525;
1.99836;
2.14451;
2.81923;
2.66441;
2.67145;
2.12245;
4.02905;
2.2333;
2.46154;
2.63148;
2.64271;
2.09031;
4.84219;
4.56642;
4.60734;
4.68614;
4.76825;
3.94864;
4.21813;
3.88447;
4.52676;
3.91161;
4.43047;
3.97145;
4.21421;
3.74739;
4.28194;
4.45252;
3.60157;
3.73112;
3.33569;
2.90775;
3.86729;
2.87796;
2.51143;
4.79769;
2.92448;
1.9327;
2.28978;
1.56772;
1.91127;
1.92801;
1.96066;
2.39779;
3.48143;
2.11964;
2.47228;
1.53003;
1.49402;
1.47128;
2.27997;
2.56431;
1.97237;
2.35565;
3.29519;
3.93507;
3.91245;
3.77118;
3.71084;
3.63267;
2.60009;
2.28389;
2.56083;
2.68147;
3.70571;
3.6387;
4.40646;
3.3015;
1.66595;
1.8785;
1.6685;
2.0478;
2.15777;
2.02549;
2.221;
2.22465;
2.82988;
2.4288;
2.59847;
2.12295;
2.33562;
2.48489;
2.5045;
2.49881;
2.67205;
3.51387;
4.18099;
3.66627;
3.88802;
3.77971;
2.29441;
2.41079;
2.16192;
1.92303;
2.00735;
1.94399;
1.88327;
1.89637;
1.79163;
2.02992;
1.62469;
2.44285;
2.55656;
2.21296;
1.95441;
2.79953;
1.59221;
1.7352;
1.62709;
1.81614;
1.62308;
1.81222;
1.85401;
1.78708;
1.76393;
2.35418;
3.02387;
2.29036;
2.23621;
3.07968;
1.91799;
1.95024;
1.95259;
2.23631;
2.55558;
2.64595;
2.35071;
2.75123;
2.32193;
2.17919;
1.99979;
2.27908;
2.1533;
1.6298;
2.48727;
2.38617;
2.95355;
2.48994;
1.95885;
2.34153;
2.74561;
2.45574;
2.05994;
2.46868;
2.43049;
2.54282;
2.54874;
2.66124;
2.29753;
2.12229;
2.36622;
2.15259;
2.75861;
2.56286;
2.44252;
2.42584;
2.59134;
2.48275;
2.25124;
2.49061;
2.64795;
2.90373;
2.50095;
3.01631;
2.62644;
2.97787;
3.0052;
2.98416;
2.7078;
3.06142;
3.55857;
3.34666;
2.93225;
3.03909;
2.97225;
2.94781;
2.83102;
2.92589;
2.73514;
5.50641;
3.92314;
4.70487;
4.19119;
4.15073;
2.49489;
2.63314;
2.55829;
2.58588;
4.63532;
5.02742;
4.25597;
4.04758;
4.42682;
5.32195;
2.92153;
2.83939;
2.54554;
2.62077;
3.50002;
2.53548;
2.97454;
2.044;
2.30102;
2.13734;
2.13383;
2.22496;
3.89153;
2.17325;
46.0461;
37.3343;
27.6466;
17.8616;
7.89894;
2.37244;
2.46023;
2.33997;
2.47122;
5.05621;
2.5495;
2.7196;
2.09018;
2.82597;
2.63781;
2.98454;
2.4874;
2.74675;
2.61449;
2.67369;
2.90164;
3.16474;
2.88221;
2.72918;
3.41364;
3.05774;
2.61978;
2.87351;
2.81736;
2.88855;
4.50255;
2.59611;
2.41991;
2.52879;
2.85445;
2.8104;
2.81861;
5.06994;
2.29014;
2.08219;
2.97534;
2.64703;
2.44805;
2.77345;
6.40379;
2.04806;
2.29298;
2.33732;
2.62282;
2.70983;
2.21747;
2.47022;
2.43;
2.58865;
3.22855;
2.43405;
2.39874;
2.44288;
2.24062;
2.60244;
2.63798;
2.55749;
2.51727;
2.75263;
2.30918;
2.33528;
2.41515;
2.15335;
2.40153;
1.79183;
2.67472;
2.60055;
2.38993;
2.65291;
2.74743;
2.84735;
5.26667;
2.61368;
2.85703;
2.56958;
2.46653;
2.5511;
2.27453;
2.93305;
2.97851;
2.75151;
2.74023;
3.96339;
2.30495;
2.58343;
3.22901;
2.97128;
3.11182;
3.31194;
5.60454;
2.34875;
2.27855;
2.1396;
3.40001;
2.91356;
2.79309;
3.15648;
5.9104;
2.59856;
2.83239;
2.88811;
2.22515;
3.02752;
2.85516;
2.65037;
2.67922;
4.56752;
4.14769;
1.81412;
2.32298;
2.51357;
2.37969;
2.5499;
3.11879;
38.7155;
30.0053;
21.0472;
12.9927;
3.40667;
2.25496;
2.33091;
2.07373;
7.91391;
1.6702;
2.43534;
2.36787;
2.47413;
2.25751;
2.59691;
3.1594;
39.6728;
36.1683;
26.1737;
16.6092;
7.92242;
3.0011;
2.51299;
3.17454;
3.08889;
2.12267;
2.77697;
2.35646;
2.70826;
2.60263;
2.46919;
2.3097;
2.46978;
2.51337;
2.5515;
3.46769;
2.7042;
2.48789;
3.90284;
2.1098;
2.92781;
41.4346;
36.3785;
27.7622;
17.7963;
8.491;
5.69785;
3.34295;
2.99142;
2.90055;
3.09741;
3.09454;
3.00361;
3.30127;
4.21919;
5.2857;
3.00154;
2.62165;
2.15504;
2.47479;
2.17501;
3.76103;
2.88395;
2.54798;
2.68311;
1.7528;
2.5093;
1.82419;
3.92046;
3.64209;
2.85427;
2.32981;
2.71901;
1.93778;
1.88762;
1.94732;
3.8804;
4.74863;
3.96863;
4.06534;
3.89558;
2.98026;
2.52697;
2.15267;
2.75536;
1.77984;
2.45825;
2.66947;
1.82513;
1.83988;
2.17807;
2.16283;
2.48734;
40.6776;
35.4529;
27.3201;
17.3143;
10.8472;
2.12082;
2.5702;
3.2937;
2.61713;
2.35104;
2.37284;
5.14183;
5.78546;
3.11026;
2.52114;
3.02011;
2.64417;
2.77104;
2.69161;
3.59868;
2.91128;
2.42052;
3.14775;
2.72824;
3.43499;
2.22477;
2.24126;
1.99732;
2.53143;
2.90163;
2.49862;
2.64017;
2.38346;
2.04651;
2.45178;
2.91743;
2.64479;
2.54674;
2.50347;
2.64623;
2.42695;
2.02721;
2.00652;
2.52151;
2.25798;
1.87813;
2.54366;
2.89601;
2.12197;
2.79827;
3.24373;
3.52361;
2.78943;
5.00472;
2.44241;
2.35656;
2.55039;
2.27298;
2.42241;
2.30052;
2.29024;
2.27884;
2.40153;
2.32832;
2.66687;
2.23426;
2.2035;
2.57382;
2.41361;
2.28004;
2.21971;
2.31732;
2.22192;
2.27123;
2.28287;
2.4827;
2.56958;
2.70264;
2.87989;
5.27602;
3.0669;
3.06724;
3.32977;
2.58327;
2.8498;
3.12658;
2.23141;
2.44906;
2.63812;
2.0258;
2.52279;
2.15448;
2.86779;
2.30602;
2.12259;
2.7798;
37.0709;
30.4252;
22.1713;
11.3322;
1.80142;
2.39938;
2.24168;
2.68722;
2.09211;
5.22053;
2.49294;
1.76934;
2.28911;
2.00444;
2.378;
2.09722;
2.12412;
2.0688;
1.87637;
2.81659;
2.91608;
3.15342;
2.95036;
3.01628;
2.53239;
2.89269;
2.99511;
2.50138;
2.36541;
2.70545;
2.84365;
3.18241;
2.8934;
2.58757;
3.37175;
39.6106;
33.5954;
25.1797;
15.5868;
6.19352;
2.93079;
2.94704;
2.80891;
2.93957;
3.35044;
2.89136;
3.14669;
2.48149;
2.02483;
3.47471;
3.79637;
3.20581;
3.26527;
2.79662;
2.43926;
5.02096;
2.73113;
2.17083;
2.17344;
2.4189;
2.33106;
3.00015;
2.97519;
2.64137;
4.47523;
4.82577;
3.7751;
36.6704;
30.3959;
21.4345;
11.6638;
6.08649;
2.45943;
3.36657;
3.24402;
3.30046;
3.22044;
3.16555;
3.05583;
2.49528;
2.31327;
2.47687;
2.94012;
3.43254;
3.12202;
2.64506;
3.15319;
2.90607;
5.93142;
2.37433;
2.50333;
3.08643;
2.97467;
2.6413;
2.41128;
3.29706;
3.61997;
2.45495;
2.15199;
2.55144;
2.32717;
2.38072;
2.06113;
3.04194;
2.00035;
2.1929;
2.28033;
2.58118;
2.65955;
3.19845;
2.42441;
1.65372;
2.8491;
2.61148;
2.69679;
2.52726;
2.51365;
2.51232;
2.71356;
2.8684;
2.39405;
2.87127;
2.16053;
2.62977;
2.13967;
2.20356;
1.59181;
2.85133;
2.99815;
2.61144;
2.94907;
2.44715;
2.16566;
2.42555;
2.39331;
2.81095;
3.81962;
2.03681;
2.39763;
2.35921;
2.81622;
2.86435;
2.59707;
3.35094;
2.95458;
3.23791;
2.94794;
3.25096;
2.62462;
2.4895;
2.56406;
2.17494;
2.20369;
2.45459;
2.20081;
2.63871;
2.26634;
2.32523;
2.16465;
2.4703;
2.96295;
3.02313;
3.15085;
2.78738;
3.17182;
2.8831;
2.74076;
2.82568;
2.34679;
2.87236;
2.35055;
2.28939;
2.21147;
2.06058;
2.28458;
1.58745;
2.73896;
2.41912;
2.22339;
2.57553;
1.98985;
2.76614;
1.7078;
2.33514;
2.47143;
2.24459;
2.59344;
2.2043;
2.43496;
2.7505;
2.21171;
3.38437;
2.26258;
2.08762;
2.49275;
2.68007;
2.61062;
2.50942;
2.86974;
2.27401;
3.04476;
2.40671;
3.19304;
3.1968;
3.14275;
2.99872;
3.59035;
2.95402;
2.51401;
2.88746;
2.90289;
3.02537;
2.99108;
3.28066;
5.19897;
3.98005;
3.13587;
3.0656;
3.0631;
2.96237;
3.02901;
3.33113;
4.2401;
2.45265;
2.43257;
2.70026;
2.08953;
2.50773;
3.05621;
2.57365;
2.33907;
2.91225;
2.91194;
3.10484;
3.05638;
4.29673;
2.12516;
2.69244;
2.96892;
2.96696;
2.92612;
2.82224;
2.5278;
2.74067;
2.53148;
2.15109;
1.9263;
1.97582;
2.26947;
2.17909;
2.93182;
2.54166;
2.16496;
2.41435;
3.95894;
1.7072;
2.77415;
2.96701;
2.9067;
2.95896;
3.61343;
3.43194;
3.7953;
3.26219;
3.24369;
3.68261;
2.01063;
2.19569;
2.53703;
2.31747;
2.08819;
1.85137;
1.71588;
2.75509;
2.32583;
2.10612;
2.4804;
4.49206;
2.65233;
2.48947;
2.22667;
2.15754;
2.44521;
2.34662;
2.31363;
2.31215;
2.19839;
2.90238;
2.27366;
2.71878;
2.25692;
2.49781;
2.98848;
2.99962;
2.36568;
3.3755;
1.78006;
2.36602;
2.81007;
2.28769;
2.89922;
2.4296;
2.55485;
1.94177;
2.01948;
48.1999;
39.5967;
29.6888;
19.9011;
10.0869;
2.30528;
3.03243;
2.7032;
2.45116;
2.5061;
2.31324;
3.25047;
2.88552;
3.13163;
3.32293;
3.16876;
3.39055;
3.02087;
2.65607;
3.13529;
2.83427;
3.27566;
2.94621;
3.28756;
2.92158;
3.05881;
3.11715;
2.97894;
3.08437;
3.23051;
3.93153;
2.99367;
2.47215;
2.38804;
3.27285;
3.51003;
3.48591;
2.83948;
2.75704;
2.59581;
6.37292;
3.04084;
3.13431;
3.02352;
2.75905;
2.89133;
3.1125;
2.74314;
3.29645;
5.36685;
4.65799;
4.22817;
4.42809;
4.16809;
4.17612;
4.74642;
2.61809;
3.31989;
2.70857;
2.23436;
2.6572;
3.10165;
4.73149;
3.74458;
3.09386;
2.46305;
2.44805;
2.62186;
2.87278;
3.83844;
3.74007;
3.9898;
3.63358;
2.28522;
2.52429;
2.17862;
2.42206;
3.34978;
4.42767;
2.21973;
2.25108;
2.67913;
2.51963;
2.3366;
2.5124;
5.8521;
2.29896;
2.14108;
2.78335;
2.01231;
2.28247;
1.9423;
1.947;
2.22991;
2.67871;
3.07695;
2.77251;
2.21033;
4.44093;
2.87234;
2.30397;
2.75057;
2.63968;
2.46985;
2.79325;
2.58285;
2.13352;
2.56787;
2.29203;
2.53613;
4.14688;
4.33965;
3.88553;
2.17347;
2.15399;
1.76049;
1.93383;
1.74984;
1.71977;
2.15252;
2.60037;
2.29966;
2.06292;
2.06688;
2.5347;
3.76287;
1.88765;
2.26447;
2.86453;
2.82932;
2.93318;
2.66595;
2.64841;
2.75558;
2.20853;
4.25144;
2.67052;
2.62642;
2.67226;
2.71288;
2.54782;
1.95042;
2.81201;
2.48557;
3.0465;
3.43191;
2.85567;
3.09397;
2.47342;
2.65906;
4.22359;
2.69591;
2.95403;
2.86938;
2.39768;
2.79872;
2.57375;
3.1935;
2.1203;
3.21857;
3.30866;
2.88106;
2.8619;
2.4792;
2.88474;
2.6549;
2.82852;
4.84326;
3.2285;
2.92831;
3.10327;
2.87443;
3.27772;
2.63368;
2.61114;
3.18371;
2.96716;
3.2172;
4.08051;
2.59919;
2.79568;
3.00585;
6.59458;
2.43548;
3.11901;
2.33888;
2.90007;
2.7365;
2.98301;
2.89726;
3.21616;
2.1165;
2.99801;
2.50378;
2.13755;
2.29388;
2.29857;
2.3455;
1.92107;
2.40651;
4.27595;
4.39205;
3.70673;
3.44276;
3.72184;
4.02711;
3.8929;
3.92757;
3.63843;
4.37182;
2.37178;
2.77479;
2.33137;
2.05335;
2.13923;
4.16061;
4.43123;
3.89132;
4.34768;
2.72602;
2.42894;
2.66406;
2.46622;
2.05234;
2.28582;
4.07635;
2.87784;
4.68099;
5.00097;
4.68318;
2.6097;
2.66826;
2.86873;
2.77966;
4.0403;
2.87157;
2.77209;
3.26155;
2.93919;
3.15112;
2.92035;
3.43884;
4.39322;
5.0044;
3.06672;
2.4772;
3.18132;
2.98177;
2.92276;
5.36873;
5.2777;
5.44983;
3.40335;
2.50264;
3.062;
2.76009;
2.516;
4.76188;
5.46571;
4.87679;
4.66447;
4.14245;
4.2045;
2.31414;
2.4118;
2.59091;
2.4366;
2.5219;
2.88839;
4.06423;
3.16328;
2.25686;
2.54578;
2.56352;
2.61131;
1.98013;
2.02405;
4.49378;
2.28589;
1.53456;
2.07143;
1.72913;
1.49075;
1.67186;
1.5277;
1.57599;
1.46974;
2.47195;
2.99457;
2.46679;
2.98645;
4.41581;
1.59588;
1.91994;
1.97464;
2.12709;
2.09949;
2.62606;
2.70019;
2.72886;
2.15045;
1.92918;
2.2616;
2.31025;
1.56936;
1.73611;
2.53267;
2.34897;
1.75334;
2.79695;
4.03023;
2.3529;
2.04406;
1.91674;
2.01586;
2.00827;
1.98867;
2.07313;
2.01738;
1.97242;
2.05265;
2.19275;
2.1007;
2.42993;
2.75487;
2.18997;
2.79559;
2.61014;
3.09873;
2.47549;
2.47122;
2.03543;
4.03433;
2.40221;
2.92803;
2.25954;
2.85634;
2.35061;
1.93915;
2.26722;
1.90918;
2.06505;
2.46353;
2.93096;
2.45208;
2.47377;
2.20962;
3.52616;
2.17785;
2.37087;
3.0049;
2.48772;
2.04559;
2.79823;
2.08179;
2.27323;
2.86346;
3.06032;
2.88258;
2.74916;
2.90342;
3.05661;
3.93775;
3.0839;
2.59665;
3.12014;
3.15461;
2.9802;
2.58535;
2.4255;
2.90227;
2.77068;
3.34927;
3.30149;
3.27943;
3.09847;
7.76953;
3.02805;
4.51368;
3.87914;
2.776;
3.53846;
2.83059;
2.65212;
2.21284;
2.39285;
2.50223;
2.66703;
2.54501;
2.16812;
2.30163;
1.95183;
2.52716;
2.20638;
2.43596;
2.05102;
2.71678;
2.50889;
1.67386;
1.9553;
1.69675;
1.51556;
1.56354;
2.4041;
1.88706;
2.54959;
2.97209;
2.51117;
2.47606;
2.09386;
1.56996;
1.52055;
1.74724;
1.50728;
1.55913;
1.57449;
1.51351;
2.29569;
2.71433;
2.75633;
2.94679;
2.44411;
3.00275;
2.94296;
1.89398;
2.95348;
2.64795;
2.63906;
2.61181;
3.1098;
2.76274;
2.31265;
2.96972;
2.66584;
3.10699;
2.51965;
2.59085;
4.52462;
3.01813;
3.08189;
2.50711;
3.0952;
2.72031;
2.6006;
3.00203;
3.25137;
4.36653;
4.56196;
3.45061;
2.90872;
2.67878;
2.87;
2.54538;
3.01093;
2.65556;
2.6374;
2.44597;
2.80413;
2.35689;
2.55327;
5.13862;
3.73067;
3.40603;
3.46199;
2.16568;
3.43675;
2.86476;
3.15293;
3.17352;
2.9504;
3.60662;
3.11602;
2.90879;
2.57157;
2.40619;
2.31611;
2.09149;
4.99979;
4.50329;
5.23095;
4.4175;
4.47596;
4.48901;
4.75008;
4.16106;
4.37717;
4.65156;
3.95429;
2.96662;
2.36632;
2.19645;
2.43242;
4.32894;
3.75391;
3.98969;
3.50193;
2.62198;
1.67095;
1.87928;
2.00134;
2.46021;
2.1563;
39.0036;
34.1811;
24.4836;
16.2824;
7.70982;
2.67122;
3.4416;
3.30258;
4.71841;
2.92599;
3.69146;
2.94573;
2.92254;
2.75221;
2.70327;
2.39341;
2.71683;
2.65176;
2.7441;
2.65843;
2.5175;
2.11325;
2.77294;
2.00234;
2.45163;
2.69406;
2.27971;
2.19877;
2.49169;
1.64389;
2.16302;
2.63914;
2.25873;
2.51294;
2.18727;
3.02167;
2.75113;
2.84132;
2.5737;
2.41487;
2.6523;
2.04362;
2.41679;
1.77869;
1.91757;
1.64142;
2.28541;
2.11309;
2.36013;
2.48014;
1.63892;
2.69112;
2.07259;
2.66021;
3.00525;
2.53849;
3.63204;
40.1805;
31.5277;
19.2876;
10.0623;
1.47517;
2.49975;
2.87963;
2.81235;
7.58815;
2.07049;
4.74701;
2.56317;
3.21661;
2.55905;
3.08639;
2.95527;
3.29681;
2.61923;
2.61813;
2.92328;
2.59215;
2.38078;
2.69514;
2.65788;
4.08646;
3.19102;
3.05979;
2.91864;
3.05073;
2.85967;
2.83525;
2.87485;
4.48958;
2.57077;
2.83741;
3.19569;
2.92843;
3.1184;
2.81762;
2.83812;
3.59812;
4.53323;
3.28228;
3.05663;
2.84572;
2.8188;
2.67979;
2.67488;
3.0019;
2.90996;
3.29554;
3.00092;
3.0455;
2.82233;
2.95377;
2.78814;
2.69041;
2.55799;
2.74941;
3.06848;
2.86609;
2.46486;
2.45513;
2.44646;
2.73337;
2.46123;
2.43285;
2.32879;
2.84714;
2.90022;
2.81099;
2.37922;
3.30575;
2.30779;
2.25248;
2.46872;
3.60012;
2.4705;
2.06246;
2.72462;
2.20961;
2.45587;
3.70388;
1.80212;
2.25319;
2.80246;
2.51098;
2.8253;
2.44594;
2.92516;
3.26578;
3.96757;
2.50597;
2.60885;
2.32436;
2.69847;
2.55802;
3.15369;
2.82571;
6.22445;
2.7643;
2.95507;
2.95418;
3.24358;
2.93692;
3.4045;
3.02089;
4.19512;
3.28971;
3.37068;
3.5449;
2.80662;
3.2417;
2.87808;
2.37122;
3.4295;
2.67722;
4.11544;
3.50915;
3.17607;
2.9241;
2.64295;
3.00404;
2.83065;
2.55684;
3.33243;
3.31051;
2.94816;
3.0363;
2.63056;
2.83368;
3.1213;
2.6997;
2.5561;
4.4166;
2.87732;
2.91486;
2.94512;
2.38559;
2.56545;
2.5768;
2.292;
2.692;
3.61571;
3.21155;
3.98355;
3.3267;
3.58313;
3.18634;
3.6085;
3.87122;
3.45623;
2.94281;
3.57537;
2.71019;
2.97089;
3.25675;
3.75542;
3.30245;
3.98501;
2.70594;
2.66248;
3.08995;
2.99244;
4.85128;
3.95458;
3.79297;
2.94469;
2.57879;
2.69875;
2.96404;
4.57127;
3.53816;
4.42101;
3.3465;
2.54161;
3.62966;
2.53389;
2.39641;
3.53435;
3.2528;
3.31689;
2.49931;
3.05331;
2.90094;
1.974;
2.40182;
1.79807;
2.66115;
1.98508;
2.81892;
2.17716;
2.03759;
2.53517;
2.45491;
2.36592;
1.91166;
3.83364;
2.465;
3.23515;
3.04946;
2.57978;
2.04372;
2.45396;
1.92534;
2.63318;
4.28387;
3.00909;
2.93377;
2.92435;
3.08069;
2.93999;
2.66569;
4.0828;
3.80607;
2.99732;
2.9778;
3.20983;
2.31561;
2.3119;
2.9626;
2.46451;
2.43153;
2.79514;
2.64554;
2.38111;
2.94119;
3.01243;
2.85471;
2.513;
3.5391;
2.24281;
2.04122;
2.64977;
39.9088;
31.0922;
22.276;
12.9529;
3.54075;
2.62128;
2.62126;
2.13211;
2.97999;
2.80718;
2.07212;
2.56682;
2.88174;
2.3252;
2.53285;
3.79114;
2.23775;
3.95257;
3.72746;
3.50827;
4.45424;
4.71964;
2.98754;
2.90786;
2.66057;
3.34601;
5.26837;
4.39672;
4.4855;
4.79933;
4.96132;
3.63302;
2.72399;
3.35378;
3.16171;
3.06536;
2.6531;
2.95545;
5.73329;
2.81807;
2.66871;
2.70791;
2.77352;
2.98098;
3.00818;
2.69288;
2.50779;
3.11436;
3.11682;
2.31185;
3.30887;
2.80975;
2.85961;
2.23493;
2.89782;
2.84884;
3.47068;
2.68048;
2.81561;
2.72661;
2.58765;
2.50468;
2.36463;
2.56379;
4.10059;
2.70846;
2.87061;
2.42407;
3.3609;
3.03752;
2.68418;
2.85048;
2.50592;
5.12862;
3.64143;
4.20357;
4.56903;
4.76323;
3.69141;
4.48901;
3.95096;
3.2423;
2.88555;
2.82384;
2.2867;
2.98579;
2.72745;
2.64212;
2.75766;
4.14246;
2.56957;
2.61933;
2.72985;
2.79484;
3.04706;
2.85733;
2.70784;
2.59919;
2.73408;
1.88334;
1.93639;
2.43944;
2.07195;
1.81538;
2.52133;
2.5091;
2.67448;
2.06418;
4.34652;
2.94418;
2.44832;
1.86799;
2.79012;
2.40584;
2.85904;
3.045;
5.79648;
3.2723;
2.99317;
2.68419;
3.45697;
2.45068;
2.77983;
2.4674;
2.84616;
2.63006;
2.63;
2.65076;
2.91941;
2.85443;
2.14049;
2.73956;
2.16115;
2.30479;
2.37055;
2.23921;
2.95778;
1.73479;
2.77662;
2.50123;
2.82174;
2.49118;
2.85785;
2.66517;
2.88006;
4.10847;
2.89951;
2.93436;
2.88195;
3.00279;
2.88282;
3.02121;
2.96062;
3.17877;
2.77026;
3.41405;
2.66589;
2.80525;
2.55391;
4.92135;
4.622;
3.01404;
2.62873;
2.35881;
2.67188;
2.62285;
2.4048;
2.97845;
3.21447;
2.71214;
2.81535;
3.04579;
2.56732;
2.52803;
2.4703;
3.05184;
2.29898;
2.68335;
2.3095;
2.79239;
2.50362;
2.78032;
2.83934;
2.72401;
3.31199;
36.4901;
31.7991;
22.5885;
14.2109;
5.47848;
3.05033;
2.68911;
4.71535;
4.15025;
4.3028;
4.45259;
2.6434;
3.14977;
2.77716;
3.04427;
6.24379;
5.22646;
4.81987;
4.38204;
4.56703;
3.49885;
2.86003;
2.70278;
3.65051;
2.87343;
2.30403;
2.96952;
2.50562;
3.21346;
3.35094;
2.7728;
3.48327;
2.40117;
3.41901;
2.87112;
3.11107;
3.04047;
3.36794;
2.93246;
2.53083;
2.92336;
2.82468;
2.84266;
3.09438;
2.8099;
2.24961;
1.93199;
2.41758;
2.15572;
2.45429;
2.68543;
2.66262;
2.50298;
2.47682;
2.4394;
3.97139;
2.23664;
2.86507;
2.8231;
2.46247;
3.16447;
2.56745;
2.87137;
2.82362;
2.65712;
2.5154;
2.31197;
2.95395;
3.08395;
2.12985;
1.98374;
1.92191;
2.63131;
2.26158;
2.70532;
2.1965;
2.38393;
2.63243;
2.97572;
2.73073;
3.08845;
4.96147;
4.76727;
4.518;
4.31088;
4.12207;
2.30037;
2.84483;
2.01444;
2.80452;
3.49678;
3.98499;
1.84238;
1.63661;
1.58542;
2.52124;
2.44807;
2.19546;
2.07532;
2.03533;
1.67349;
1.8438;
2.27352;
2.03186;
2.43434;
1.91336;
1.80697;
2.30146;
2.62377;
2.14783;
1.88813;
2.41049;
3.73024;
3.37049;
3.62715;
3.60424;
3.19105;
2.59379;
2.64983;
2.43785;
2.49883;
5.22978;
3.34531;
4.39499;
3.68844;
3.46817;
4.21412;
2.05938;
1.98299;
2.59626;
2.26464;
2.0825;
1.86434;
2.13658;
1.73461;
2.24634;
2.32137;
2.52033;
2.24162;
2.75012;
2.54485;
3.23651;
2.43201;
2.24044;
2.35737;
2.61476;
2.36949;
2.29857;
1.93243;
2.7082;
2.63267;
2.4568;
2.56549;
2.91793;
4.091;
3.57;
3.22263;
2.86808;
3.0348;
3.04485;
3.78474;
2.37103;
8.40774;
3.27555;
4.7539;
3.50911;
2.77921;
5.29318;
2.90387;
2.56856;
2.25611;
2.57313;
2.2761;
3.27692;
2.97036;
3.19218;
3.39804;
6.88675;
2.8883;
4.37999;
3.87517;
2.81159;
2.8009;
4.74539;
3.54197;
2.42522;
2.223;
2.4244;
2.64465;
2.48957;
2.19906;
3.13229;
2.01452;
2.12139;
2.78837;
3.34855;
2.07541;
2.48336;
2.71557;
2.41775;
3.18909;
2.88254;
3.14832;
3.21024;
2.23813;
2.0479;
2.63587;
2.75486;
2.14656;
2.23754;
2.63466;
2.73498;
1.96257;
2.49426;
3.11699;
2.04604;
2.8781;
2.47576;
2.48851;
2.55175;
2.22634;
2.62518;
2.54444;
2.77948;
2.52051;
2.37992;
3.20916;
3.34993;
2.77908;
2.2733;
2.97389;
2.20878;
2.82735;
2.78936;
3.42316;
3.0158;
3.08519;
3.43836;
3.19497;
3.03517;
2.98896;
2.83407;
3.15059;
2.76495;
2.91681;
2.84118;
2.80638;
2.76505;
2.3794;
2.51328;
2.69521;
2.53556;
2.44799;
2.4566;
2.06721;
2.6097;
2.80267;
2.28672;
2.33495;
2.11783;
2.35966;
2.29139;
3.64916;
2.43694;
2.43308;
2.49085;
3.21101;
2.36222;
2.66759;
2.98711;
2.9348;
3.52652;
5.55198;
4.94031;
4.72405;
2.65116;
3.08493;
2.98229;
3.10954;
2.32644;
4.02689;
4.72988;
4.72922;
3.29312;
3.50791;
3.05796;
3.33471;
5.13827;
2.56408;
2.51501;
2.07753;
2.1968;
2.53824;
2.84579;
2.40206;
2.55793;
3.48201;
2.0581;
2.4196;
1.90919;
2.29512;
2.40347;
1.71222;
2.69494;
2.78112;
2.41803;
1.90066;
2.48253;
2.53644;
4.26882;
1.75968;
2.75606;
2.52518;
2.98518;
2.44257;
2.64577;
3.3007;
2.25289;
3.78297;
2.26457;
2.58613;
2.58471;
2.4233;
2.56767;
2.5197;
2.90798;
1.77147;
1.81128;
1.84574;
2.09727;
1.8233;
1.92881;
2.35965;
2.94585;
2.60844;
2.89696;
5.53029;
2.1676;
2.37986;
2.28547;
3.47494;
2.99082;
3.16841;
2.99877;
4.77642;
3.1151;
2.55222;
2.17128;
2.31959;
2.22439;
2.00734;
2.22742;
1.97468;
1.70333;
2.43846;
2.93157;
2.15597;
1.98144;
2.11718;
2.44072;
1.76921;
2.51226;
1.79877;
2.28546;
2.62002;
2.26873;
2.66064;
3.90294;
1.83842;
1.64485;
1.70024;
1.45523;
2.03274;
1.40067;
2.22115;
1.74558;
42.3147;
34.7433;
26.6944;
16.8988;
6.97952;
3.08833;
2.0442;
2.82757;
2.44984;
2.37894;
2.4202;
1.92609;
2.48677;
2.11323;
2.71807;
2.57388;
2.3926;
2.69952;
2.35874;
2.91145;
2.644;
3.02347;
2.73703;
3.0472;
2.81002;
3.02917;
2.48359;
2.80486;
3.13471;
6.7471;
3.37682;
2.52416;
2.26114;
2.32107;
2.39278;
2.87273;
2.72459;
2.54846;
2.71626;
3.2097;
3.10026;
3.21832;
2.80458;
3.10033;
4.39876;
3.99209;
4.22991;
3.68241;
2.54096;
2.68762;
2.82778;
2.48637;
2.95522;
3.20582;
2.60869;
2.60947;
2.81015;
2.07863;
2.11925;
1.86891;
1.80951;
1.93774;
1.79556;
1.72365;
1.73515;
1.70251;
1.64025;
2.63279;
2.3114;
2.57575;
3.94113;
1.7228;
2.31237;
2.22715;
1.88526;
2.54481;
2.51484;
2.56408;
3.10833;
2.27491;
2.58585;
2.3459;
3.1551;
2.19695;
2.73353;
2.62965;
2.06056;
1.99002;
2.52326;
2.40431;
2.80168;
2.85337;
2.37718;
3.28099;
2.99237;
2.36436;
2.55433;
2.54931;
2.52622;
2.38452;
2.58836;
3.30991;
2.67691;
2.61361;
2.75509;
2.74366;
2.79642;
2.93804;
3.45364;
2.81287;
2.86915;
3.33907;
3.1806;
2.59572;
3.21601;
8.82173;
2.75334;
3.29708;
2.91548;
3.16533;
2.90116;
3.13177;
3.7291;
3.14985;
2.93811;
2.98944;
2.6605;
2.71508;
2.90324;
2.81432;
2.62777;
2.3593;
2.79522;
2.30447;
2.91877;
3.02405;
2.55422;
2.81225;
2.77395;
2.75996;
4.57345;
4.0293;
2.66167;
2.34615;
2.3927;
2.47483;
2.25675;
2.39488;
2.32542;
2.47486;
2.38974;
1.91539;
2.21437;
2.08563;
2.59038;
2.51329;
2.22764;
1.789;
2.14445;
2.86115;
2.77908;
2.13982;
1.89334;
2.38762;
1.94992;
2.27593;
2.16799;
1.80107;
2.27786;
2.95814;
2.57377;
2.69688;
2.55284;
2.75309;
2.70003;
2.67685;
2.71884;
4.08699;
3.21039;
3.01722;
3.47371;
2.3185;
2.30122;
2.00236;
3.06096;
2.53718;
2.94175;
2.82746;
2.94603;
3.75542;
2.49509;
3.86178;
2.99965;
2.89096;
2.6876;
2.65987;
2.86642;
4.07885;
3.62866;
3.07672;
3.29721;
2.82109;
2.17307;
2.31774;
2.38917;
2.90753;
2.6437;
2.61227;
2.37033;
2.3948;
3.09822;
2.20834;
1.59934;
2.56153;
2.14967;
1.96303;
2.55377;
2.26882;
6.79488;
2.48476;
4.25073;
2.71154;
2.18888;
1.82382;
1.98305;
2.31091;
1.59092;
2.51258;
4.59343;
2.31871;
2.22218;
2.49911;
2.28096;
2.154;
3.2402;
2.93005;
2.55923;
2.30255;
2.22554;
2.63632;
2.21092;
4.65431;
3.79168;
4.88791;
3.87344;
4.88847;
3.83435;
5.43304;
3.83924;
4.177;
4.24932;
3.24965;
2.87099;
2.76288;
2.96146;
5.40674;
2.39211;
2.47115;
2.85908;
2.97486;
2.5934;
3.03553;
3.8867;
4.13005;
3.01532;
2.95192;
2.92622;
3.20387;
3.25559;
3.28057;
3.10628;
2.96335;
2.91853;
2.96822;
2.8121;
5.4765;
5.25037;
2.97128;
3.24024;
2.92473;
2.78029;
2.64246;
2.80351;
3.07896;
4.01086;
2.971;
3.07752;
2.77921;
2.73253;
4.06985;
2.63671;
2.95205;
3.05486;
2.96066;
3.33908;
2.87865;
4.84069;
4.10169;
3.9267;
3.09002;
2.40973;
2.26301;
2.18142;
2.34349;
3.05256;
3.61239;
2.82975;
2.84755;
2.9779;
2.66675;
2.12472;
2.61558;
2.1991;
1.97297;
1.76296;
2.2224;
2.15879;
2.18909;
3.00642;
2.39983;
2.70586;
2.49698;
2.39849;
2.7884;
2.27363;
2.75024;
2.36684;
2.71324;
2.76342;
5.11453;
2.94796;
3.24797;
3.74979;
2.77494;
2.68494;
2.6391;
2.91307;
3.90489;
2.41612;
3.62832;
2.8064;
3.33943;
3.26248;
3.68663;
3.39846;
3.32173;
2.84738;
3.01397;
2.63682;
2.92425;
2.72018;
4.68084;
2.54337;
3.07719;
3.51219;
2.99573;
2.724;
2.52545;
2.94591;
5.81254;
2.63503;
2.60328;
2.50556;
2.89221;
3.15137;
2.76816;
2.74364;
5.17953;
5.11706;
3.06268;
2.86101;
2.54447;
2.27335;
2.08376;
2.43858;
2.48059;
2.70146;
2.50843;
2.62995;
2.52031;
2.67454;
2.50272;
2.22543;
2.91285;
2.37548;
3.44282;
2.26592;
2.7857;
2.7124;
2.17682;
2.63589;
2.26726;
2.82612;
2.14324;